	review_id	category	span	span_start	span_end	sentiment
0	3976	Food	19	0	22	
1	3976	Food	1	22	23	
2	3976	Price	5	24	29	
3	3976	Food	28	30	62	
4	3976	Price	5	63	68	
5	3976	Food	1	69	70	
6	3976	Price	9	71	80	
7	3976	Food	41	81	127	
8	3976	Food	59	127	197	
9	3976	Price	10	198	208	
10	3976	Food	96	208	321	
11	3976	Food	26	336	364	
12	3976	Service	5	365	370	
13	3976	Food	89	370	472	
14	3976	Food	27	472	504	
15	3976	Food	4	504	509	
16	3976	Service	41	510	556	
17	3976	Food	47	557	610	
18	3976	Food	44	610	663	
19	3976	Food	2	663	666	
20	3976	Price	8	667	675	
21	3976	Food	49	676	734	
22	3976	Food	46	734	789	
23	3976	Price	5	790	795	
24	3976	Food	19	796	817	
25	3976	Food	20	817	841	
26	3976	Food	10	841	853	
27	3976	Price	8	854	862	
28	3976	Food	7	863	870	
29	3976	Food	20	870	892	
30	3976	Interior	7	893	900	
31	3976	Food	69	901	981	
32	3976	Food	17	981	1003	
33	3976	Price	5	1004	1009	
34	3976	Food	8	1009	1018	
35	3976	Price	8	1019	1027	
36	3976	Food	8	1027	1037	
37	3976	Service	5	1038	1043	
38	3976	Food	20	1044	1066	
39	3976	Service	9	1067	1076	positive
40	3976	Food	7	1077	1084	
41	3976	Food	1	1084	1085	
42	2495	Food	10	0	11	
43	2495	Food	24	11	41	
44	2495	Service	4	42	46	
45	2495	Food	17	46	65	
46	2495	Food	23	65	91	
47	2495	Food	13	91	106	
48	2495	Price	5	107	112	
49	2495	Food	1	112	113	
50	2495	Food	1	113	114	
51	2495	Food	1	114	115	
52	2495	Food	1	115	116	
53	2495	Food	20	116	138	
54	2495	Food	17	138	159	
55	2495	Food	1	159	160	
56	2495	Food	1	160	161	
57	2495	Food	38	161	205	
58	2495	Food	17	205	224	
59	2495	Food	32	224	262	
60	2495	Food	25	262	291	
61	2495	Price	12	292	304	
62	2495	Food	9	304	314	
63	2495	Price	9	315	324	
64	2495	Food	24	325	351	
65	2495	Food	41	351	399	
66	2495	Food	7	399	407	
67	2495	Service	5	408	413	
68	2495	Food	13	414	428	
69	2495	Price	6	429	435	
70	2495	Food	27	436	465	
71	2495	Food	1	465	466	
72	2107	Food	14	0	16	
73	2107	Price	29	17	50	
74	2107	Food	8	51	60	
75	2107	Price	6	61	67	
76	2107	Food	7	68	76	
77	2107	Food	73	76	165	
78	2107	Food	24	165	193	
79	2107	Food	14	193	209	
80	2107	Whole	3	210	213	
81	2107	Food	11	223	235	
82	2107	Price	2	236	238	
83	2107	Food	17	239	258	
84	2107	Food	14	258	275	
85	2107	Food	40	285	334	
86	2107	Food	26	334	365	
87	2107	Food	1	365	366	
88	2107	Food	12	366	382	
89	2107	Interior	5	383	388	
90	2107	Food	1	389	390	
91	2107	Service	3	390	393	
92	2107	Service	8	397	406	
93	2107	Food	14	406	423	
94	2107	Price	4	424	428	
95	2107	Food	8	428	439	
96	2107	Food	1	439	440	
97	2107	Price	4	441	445	
98	2107	Whole	5	446	451	
99	2107	Price	1	452	453	
100	2107	Food	8	454	462	
101	2107	Price	6	463	469	
102	2107	Food	1	470	471	
103	2107	Price	5	472	478	
104	2107	Food	5	479	484	
105	2107	Price	12	485	499	
106	2107	Price	5	499	504	
107	2107	Food	22	504	529	
108	2107	Food	12	529	544	
109	2107	Service	11	545	556	
110	2107	Food	9	557	566	
111	2107	Food	20	566	591	
112	2107	Service	4	592	596	
113	2107	Food	17	597	616	
114	2107	Food	20	616	640	
115	2107	Food	70	640	721	
116	2107	Food	16	721	740	
117	2107	Food	1	740	741	
118	33591	Food	12	0	13	
119	33591	Food	1	13	14	
120	33591	Food	1	14	15	
121	33591	Food	1	15	16	
122	33591	Food	75	16	106	
123	33591	Whole	3	107	110	
124	33591	Food	8	110	119	
125	33591	Whole	5	120	125	
126	33591	Food	1	125	126	
127	33591	Whole	10	127	137	
128	33591	Food	9	137	147	
129	33591	Whole	24	148	173	
130	33591	Food	31	174	209	
131	33591	Whole	4	210	214	
132	33591	Food	1	215	216	
133	33591	Food	15	216	235	
134	33591	Food	4	235	240	
135	33591	Whole	5	241	246	
136	33591	Food	27	247	277	
137	33591	Food	1	277	278	
138	33591	Food	50	278	340	
139	33591	Whole	21	341	365	
140	33591	Food	1	365	366	
141	33591	Whole	13	367	381	
142	33591	Food	1	382	383	
143	33591	Whole	5	383	388	negative
144	33591	Food	19	389	411	
145	33591	Food	1	411	412	
146	33591	Food	83	412	514	
147	33591	Food	6	514	521	
148	33591	Food	8	521	530	
149	33591	Food	5	530	536	
150	33591	Food	42	536	586	
151	33591	Food	22	586	613	
152	33591	Food	9	613	623	
153	33591	Food	37	623	668	
154	33591	Food	1	668	669	
155	33591	Food	1	669	670	
156	33591	Food	1	670	671	
157	33591	Food	7	671	680	
158	33591	Whole	10	681	692	
159	33591	Food	13	693	707	
160	33591	Food	12	707	721	
161	33591	Price	7	722	729	
162	33591	Food	13	730	745	
163	33591	Food	16	745	763	
164	33591	Price	5	764	769	
165	33591	Food	7	770	778	
166	33591	Food	15	778	796	
167	33591	Food	40	796	843	
168	33591	Price	8	844	852	
169	33591	Food	60	853	921	
170	33591	Food	1	921	922	
171	33591	Food	1	922	923	
172	33591	Food	1	923	924	
173	33591	Food	1	924	925	
174	34956	Food	6	0	7	
175	34956	Food	14	7	23	
176	34956	Food	1	23	24	
177	34956	Interior	9	25	34	
178	34956	Food	18	35	57	
179	34956	Food	10	57	68	
180	34956	Food	77	68	155	
181	34956	Food	46	155	208	
182	34956	Food	6	212	218	
183	34956	Whole	5	219	225	
184	34956	Food	21	226	251	
185	34956	Food	12	251	266	
186	34956	Whole	12	267	280	
187	34956	Food	7	281	288	
188	34956	Whole	9	289	298	positive
189	34956	Food	33	298	339	
190	34956	Food	12	339	355	
191	34956	Food	30	355	389	
192	34956	Food	15	389	407	
193	34956	Food	44	407	458	
194	34956	Food	27	458	491	
195	34956	Whole	5	492	497	
196	34956	Service	2	498	500	
197	34956	Food	21	501	523	
198	34956	Service	16	524	541	
199	34956	Food	8	542	550	
200	34956	Service	5	551	556	
201	34956	Food	1	556	557	
202	34956	Food	5	557	563	
203	34956	Food	7	563	572	
204	34956	Food	8	572	581	
205	34956	Food	26	581	611	
206	34956	Food	78	611	702	
207	34956	Food	73	702	787	
208	34956	Food	34	787	828	
209	34956	Whole	6	829	835	
210	34956	Food	7	836	844	
211	34956	Food	1	844	845	
212	34956	Food	15	845	863	
213	34956	Food	24	863	890	
214	34956	Whole	23	891	918	
215	34956	Food	33	918	958	
216	34956	Whole	8	959	967	
217	34956	Food	13	968	982	
218	34956	Food	28	982	1016	
219	34956	Food	1	1016	1017	
220	34956	Whole	12	1018	1030	
221	34956	Food	45	1030	1083	
222	34956	Food	25	1083	1113	
223	34956	Food	8	1113	1122	
224	34956	Food	6	1122	1130	
225	34956	Food	62	1130	1199	
226	34956	Food	24	1199	1228	
227	34956	Food	35	1228	1269	
228	34956	Food	1	1269	1270	
229	34956	Food	1	1270	1271	
230	34956	Food	8	1271	1280	
231	34956	Food	1	1280	1281	
232	36512	Food	28	0	32	
233	36512	Food	1	32	33	
234	36512	Food	1	33	34	
235	36512	Food	14	34	49	
236	36512	Price	8	50	58	
237	36512	Food	1	58	59	
238	36512	Food	1	59	60	
239	36512	Food	33	60	97	
240	36512	Food	1	97	98	
241	36512	Food	1	98	99	
242	36512	Food	10	99	110	
243	36512	Price	5	111	116	
244	36512	Food	38	117	162	
245	36512	Food	40	162	209	
246	36512	Food	1	209	210	
247	36512	Food	1	210	211	
248	36512	Food	1	211	212	
249	36512	Whole	10	213	224	
250	36512	Food	44	225	275	
251	36512	Food	9	275	285	
252	36512	Whole	8	286	294	
253	36512	Food	1	294	295	
254	36512	Whole	7	296	303	
255	36512	Food	6	304	310	
256	36512	Whole	6	311	317	
257	36512	Food	10	318	329	
258	36512	Food	18	329	349	
259	36512	Whole	6	350	356	
260	36512	Food	9	356	366	
261	36512	Whole	4	367	371	
262	36512	Food	13	372	387	
263	36512	Whole	5	388	393	
264	36512	Food	24	393	419	
265	36512	Whole	8	420	428	
266	36512	Food	28	428	460	
267	36512	Whole	9	461	470	
268	36512	Food	14	471	486	
269	36512	Whole	9	487	496	
270	36512	Food	16	497	517	
271	36512	Food	50	517	576	
272	36512	Whole	3	577	580	
273	36512	Food	1	581	582	
274	36512	Whole	5	583	588	
275	36512	Food	1	588	589	
276	36512	Food	1	589	590	
277	36512	Food	65	590	667	
278	36512	Whole	5	668	673	
279	36512	Food	9	674	684	
280	36512	Food	1	684	685	
281	36512	Food	1	685	686	
282	36512	Food	100	686	800	
283	36512	Food	1	800	801	
284	36512	Food	1	801	802	
285	36512	Food	27	802	835	
286	36512	Food	29	835	868	
287	36512	Food	10	868	879	
288	36512	Whole	12	880	892	
289	36512	Food	15	893	909	
290	36512	Food	1	909	910	
291	36512	Food	1	910	911	
292	36512	Food	64	911	983	
293	36512	Food	1	983	984	
294	36512	Food	1	984	985	
295	36512	Food	30	985	1020	
296	36512	Service	8	1021	1029	
297	36512	Food	26	1030	1059	
298	36512	Food	5	1059	1065	
299	36512	Whole	8	1066	1074	positive
300	36512	Food	119	1075	1211	
301	36512	Food	1	1211	1212	
302	36512	Food	1	1212	1213	
303	36512	Food	1	1213	1214	
304	36926	Food	10	0	11	
305	36926	Food	29	11	46	
306	36926	Food	46	46	98	
307	36926	Whole	5	99	104	
308	36926	Food	7	104	112	
309	36926	Whole	8	113	121	
310	36926	Food	26	121	149	
311	36926	Food	19	149	170	
312	36926	Whole	9	171	180	
313	36926	Food	11	180	192	
314	36926	Whole	4	193	197	
315	36926	Food	33	198	236	
316	36926	Food	1	236	237	
317	36926	Whole	6	238	244	
318	36926	Food	12	245	258	
319	36926	Food	1	258	259	
320	36926	Food	1	259	260	
321	36926	Food	24	260	287	
322	36926	Food	3	287	290	
323	36926	Food	12	290	302	
324	36926	Whole	3	303	306	
325	36926	Food	2	307	309	
326	36926	Whole	9	310	319	positive
327	36926	Food	30	320	354	
328	36926	Food	30	354	388	
329	36926	Food	1	388	389	
330	36926	Whole	6	390	397	
331	36926	Food	25	398	426	
332	36926	Food	1	426	427	
333	36926	Whole	4	428	432	
334	36926	Food	16	433	452	
335	36926	Whole	6	453	459	
336	36926	Service	4	460	464	
337	36926	Food	5	465	470	
338	36926	Food	10	470	482	
339	36926	Service	8	483	491	
340	36926	Food	46	492	545	
341	36926	Food	17	545	565	
342	36926	Food	1	565	566	
343	36926	Food	1	566	567	
344	36926	Food	1	567	568	
345	36926	Food	1	568	569	
346	36926	Food	1	569	570	
347	36926	Food	1	570	571	
348	36926	Food	1	571	572	
349	36926	Food	1	572	573	
350	13823	Food	6	0	7	
351	13823	Interior	1	7	8	
352	13823	Interior	7	8	15	
353	13823	Food	22	15	41	
354	13823	Food	1	41	42	
355	13823	Food	16	42	61	
356	13823	Food	18	61	82	
357	13823	Food	17	82	102	
358	13823	Whole	6	103	109	
359	13823	Food	61	109	178	
360	13823	Service	7	179	186	positive
361	13823	Food	1	186	187	
362	13823	Service	9	188	197	
363	13823	Service	5	200	205	
364	13823	Food	1	206	207	
365	13823	Food	3	217	220	
366	13823	Food	28	220	252	
367	13823	Food	8	252	261	
368	13823	Service	5	262	267	
369	13823	Food	10	268	279	
370	13823	Food	3	279	282	
371	13823	Food	47	282	336	
372	13823	Service	8	337	345	
373	13823	Food	8	346	355	
374	13823	Food	58	355	423	
375	13823	Service	15	424	440	
376	13823	Food	1	440	441	
377	13823	Food	43	441	492	
378	13823	Food	3	492	495	
379	13823	Food	10	495	506	negative
380	13823	Food	12	506	520	
381	13823	Food	81	520	615	
382	13823	Food	25	615	643	
383	13823	Food	23	643	670	
384	13823	Whole	8	671	679	
385	13823	Food	12	680	692	
386	13823	Food	45	692	744	
387	13823	Food	28	744	776	
388	13823	Food	1	776	777	
389	29395	Whole	8	0	8	positive
390	29395	Food	12	9	22	
391	29395	Food	1	22	23	
392	29395	Food	1	23	24	
393	29395	Food	45	24	79	
394	29395	Food	3	79	82	
395	29395	Food	5	82	88	positive
396	29395	Service	9	89	98	
397	29395	Food	34	99	139	
398	29395	Food	6	139	145	
399	29395	Food	46	145	201	
400	29395	Food	1	201	202	
401	29395	Food	19	202	223	
402	29395	Food	1	223	224	
403	29395	Whole	12	225	237	
404	29395	Food	15	238	255	
405	29395	Whole	9	256	266	
406	29395	Food	46	266	321	
407	29395	Food	19	321	342	
408	29395	Service	5	343	348	
409	29395	Food	11	348	360	
410	29395	Food	15	360	379	
411	29395	Whole	8	380	388	
412	29395	Food	22	389	413	
413	29395	Food	23	413	442	
414	29395	Food	20	442	466	
415	29395	Whole	5	467	472	
416	29395	Food	10	473	484	
417	29395	Food	8	484	494	
418	29395	Food	19	494	516	
419	29395	Food	7	516	524	
420	29395	Food	25	524	554	
421	29395	Whole	4	555	559	
422	29395	Food	20	559	583	
423	29395	Food	10	583	594	
424	29395	Food	51	594	655	
425	29395	Food	1	655	656	
426	29395	Whole	6	657	663	
427	29395	Food	24	664	691	
428	29395	Food	3	691	694	
429	29395	Food	1	694	695	
430	29395	Food	1	695	696	
431	29395	Food	28	696	731	
432	29395	Food	6	731	738	
433	29395	Food	18	738	761	
434	29395	Food	25	761	793	
435	29395	Food	51	793	851	
436	29395	Food	1	851	852	
437	29395	Food	1	852	853	
438	29395	Food	1	853	854	
439	29395	Food	12	854	869	
440	29395	Service	8	870	878	
441	29395	Food	28	879	910	
442	29395	Food	7	910	918	
443	29395	Food	6	925	933	
444	29395	Food	7	933	940	
445	29395	Food	1	940	941	
446	29395	Food	1	941	942	
447	29395	Food	1	942	943	
448	29395	Food	18	943	964	
449	29395	Food	17	964	984	
450	29395	Food	3	984	987	
451	29395	Food	1	987	988	
452	29395	Food	1	988	989	
453	29395	Food	1	989	990	
454	29395	Food	1	990	991	
455	29395	Food	1	991	992	
456	29395	Food	1	992	993	
457	34045	Food	17	0	18	
458	34045	Price	6	19	25	
459	34045	Food	53	26	90	
460	34045	Price	6	91	97	
461	34045	Food	18	98	118	
462	34045	Food	48	118	177	
463	34045	Food	15	177	194	
464	34045	Food	1	194	195	
465	34045	Food	28	195	227	
466	34045	Food	79	227	321	
467	34045	Food	45	321	374	
468	34045	Food	11	374	389	
469	34045	Food	54	389	452	
470	34045	Food	1	452	453	
471	28083	Food	10	0	11	
472	28083	Price	8	12	20	
473	28083	Food	8	21	30	
474	28083	Price	11	31	42	
475	28083	Food	62	43	114	
476	28083	Food	13	114	130	
477	28083	Food	25	130	159	
478	28083	Food	2	159	162	
479	28083	Food	1	162	163	
480	28083	Food	33	163	205	
481	28083	Food	18	205	227	
482	28083	Food	17	241	261	
483	28083	Whole	4	262	266	
484	28083	Food	20	267	289	
485	28083	Food	18	289	311	
486	28083	Food	3	311	315	
487	28083	Food	20	315	339	
488	28083	Food	3	339	342	
489	28083	Food	40	342	390	
490	28083	Food	7	390	398	
491	28083	Price	3	399	402	
492	28083	Food	17	403	422	
493	28083	Price	4	423	427	
494	28083	Whole	2	428	430	
495	28083	Price	5	431	436	
496	28083	Whole	8	437	445	
497	28083	Food	50	454	514	
498	28083	Interior	7	515	522	
499	28083	Price	5	523	528	negative
500	28083	Food	37	528	572	
501	28083	Food	17	572	591	
502	28083	Price	7	592	599	
503	28083	Food	49	599	660	
504	28083	Food	46	660	715	
505	28083	Food	22	715	741	
506	28083	Food	74	741	831	
507	28083	Price	7	832	839	
508	28083	Food	23	849	876	
509	28083	Food	35	876	918	
510	28083	Food	7	918	927	
511	28083	Food	38	927	969	
512	28083	Food	2	969	972	
513	28083	Food	3	972	975	
514	28083	Price	7	976	983	
515	28083	Food	10	983	995	
516	28083	Food	1	995	996	
517	28083	Food	12	996	1009	
518	28083	Price	5	1010	1015	
519	28083	Food	20	1016	1039	
520	28083	Food	1	1039	1040	
521	11421	Food	9	0	11	
522	11421	Price	9	12	21	
523	11421	Food	13	22	36	
524	11421	Food	17	36	56	
525	11421	Price	12	57	71	
526	11421	Food	24	72	101	
527	11421	Whole	20	102	123	
528	11421	Food	51	123	181	
529	11421	Whole	5	182	187	
530	11421	Food	1	188	189	
531	11421	Service	4	190	194	
532	11421	Food	43	194	245	
533	11421	Price	12	246	258	
534	11421	Food	23	259	286	
535	11421	Food	2	286	289	
536	11421	Whole	5	290	295	
537	11421	Food	3	296	299	
538	11421	Price	7	300	307	
539	11421	Food	53	308	369	
540	11421	Price	11	370	381	
541	11421	Food	16	382	400	
542	11421	Food	21	400	425	
543	11421	Food	1	425	426	
544	11421	Price	8	427	435	
545	11421	Food	40	436	483	
546	11421	Food	1	483	484	
547	27375	Food	75	0	87	
548	27375	Food	8	87	96	
549	27375	Whole	4	97	101	
550	27375	Food	1	101	102	
551	27375	Food	17	102	121	
552	27375	Food	26	121	155	
553	27375	Food	1	155	156	
554	27375	Food	1	156	157	
555	27375	Price	9	158	167	
556	27375	Food	12	167	180	
557	27375	Food	12	189	202	
558	27375	Food	1	210	211	
559	27375	Food	8	211	219	
560	27375	Food	1	219	220	
561	27375	Whole	22	221	244	
562	27375	Food	1	244	245	
563	27375	Food	7	245	252	
564	27375	Service	12	253	265	
565	27375	Food	10	266	277	
566	27375	Food	13	277	291	
567	27375	Food	30	304	338	
568	27375	Food	13	338	352	
569	27375	Whole	9	353	362	
570	27375	Food	42	363	411	
571	27375	Whole	19	412	432	
572	27375	Food	28	433	466	
573	27375	Price	4	467	471	
574	27375	Whole	17	472	490	
575	27375	Food	1	491	492	
576	27375	Price	5	493	498	
577	27375	Food	7	499	507	
578	27375	Food	41	507	556	
579	27375	Price	5	557	562	
580	27375	Food	10	562	573	
581	27375	Price	3	574	577	
582	27375	Food	7	578	585	
583	27375	Food	1	585	586	
584	27375	Food	1	586	587	
585	27375	Food	1	587	588	
586	18780	Food	17	0	19	
587	18780	Food	1	19	20	
588	18780	Food	1	20	21	
589	18780	Food	13	21	37	
590	18780	Price	6	38	44	
591	18780	Food	11	45	57	
592	18780	Price	11	58	70	
593	18780	Food	2	71	73	
594	18780	Price	17	74	92	
595	18780	Food	4	93	98	
596	18780	Food	3	98	102	
597	18780	Price	3	103	106	
598	18780	Food	5	107	112	positive
599	18780	Price	5	113	118	
600	18780	Food	13	119	133	
601	18780	Food	19	133	158	
602	18780	Whole	15	159	176	
603	18780	Food	36	177	219	
604	18780	Whole	4	220	224	positive
605	18780	Food	22	225	252	
606	18780	Food	39	252	298	
607	18780	Food	17	298	318	
608	18780	Food	7	318	327	
609	18780	Whole	9	328	337	positive
610	18780	Food	8	338	347	
611	18780	Price	8	348	356	
612	18780	Food	8	357	366	
613	18780	Price	9	367	377	
614	18780	Food	42	378	430	
615	18780	Food	7	430	438	
616	18780	Price	5	439	444	
617	18780	Food	21	445	468	
618	18780	Food	2	468	471	
619	18780	Price	5	472	477	
620	18780	Food	4	478	483	
621	18780	Service	8	484	492	
622	18780	Whole	10	493	504	
623	18780	Service	5	505	510	
624	18780	Food	18	511	532	
625	18780	Service	6	533	539	
626	18780	Food	22	540	566	
627	18780	Whole	5	567	572	
628	18780	Food	1	572	573	
629	18780	Whole	6	573	579	
630	18780	Food	1	579	580	
631	18780	Whole	15	581	597	
632	18780	Food	2	598	600	
633	18780	Whole	20	601	622	
634	18780	Food	9	623	633	
635	18780	Food	69	633	714	
636	18780	Food	40	714	764	
637	18780	Interior	5	765	770	
638	18780	Food	18	771	793	
639	18780	Whole	8	794	802	
640	18780	Food	38	803	847	
641	18780	Price	7	848	855	
642	18780	Food	17	856	873	
643	18780	Food	1	873	874	
644	30744	Food	36	0	43	
645	30744	Food	47	43	100	
646	30744	Service	14	101	116	negative
647	30744	Food	26	117	149	
648	30744	Whole	5	150	155	
649	30744	Food	16	156	175	
650	30744	Food	6	175	182	positive
651	30744	Service	3	183	186	
652	30744	Price	10	187	197	
653	30744	Food	1	197	198	
654	30744	Service	4	199	203	
655	30744	Food	5	204	209	positive
656	30744	Service	9	210	219	
657	30744	Food	5	220	225	
658	30744	Service	4	226	230	
659	30744	Food	46	230	285	
660	30744	Food	12	285	298	
661	30744	Price	10	299	310	
662	30744	Service	7	311	318	negative
663	30744	Food	3	318	322	
664	30744	Service	5	323	328	
665	30744	Food	19	329	351	
666	30744	Price	4	352	356	
667	30744	Food	9	357	366	
668	30744	Food	11	366	379	
669	30744	Food	1	379	380	
670	30744	Price	6	381	387	
671	30744	Food	22	388	413	
672	30744	Food	1	413	414	
673	37819	Food	10	0	11	
674	37819	Interior	8	12	20	
675	37819	Price	10	21	32	
676	37819	Whole	10	33	43	
677	37819	Food	14	44	60	
678	37819	Price	5	61	66	
679	37819	Food	21	67	92	
680	37819	Whole	1	98	99	
681	37819	Price	12	99	111	
682	37819	Food	85	111	213	
683	37819	Price	5	214	219	
684	37819	Food	39	220	262	
685	37819	Food	30	262	297	
686	37819	Price	7	298	305	
687	37819	Food	79	305	397	
688	37819	Price	9	398	407	
689	37819	Food	1	407	408	
690	37819	Food	7	408	417	
691	37819	Service	5	418	423	
692	37819	Food	1	424	425	
693	37819	Service	12	426	438	positive
694	37819	Food	20	439	462	
695	37819	Food	33	462	501	
696	37819	Whole	12	502	515	
697	37819	Food	2	516	518	
698	37819	Whole	6	519	525	
699	37819	Service	6	526	532	
700	37819	Whole	14	533	548	
701	37819	Service	4	549	553	
702	37819	Food	42	554	600	
703	37819	Food	64	600	680	
704	37819	Whole	5	681	686	
705	37819	Food	34	687	726	
706	37819	Food	31	726	762	
707	37819	Food	19	773	794	
708	37819	Food	2	794	797	
709	37819	Whole	4	808	812	
710	37819	Service	12	813	826	
711	37819	Whole	19	827	848	
712	37819	Food	40	849	895	
713	37819	Food	1	895	896	
714	7824	Food	16	0	18	
715	7824	Price	9	19	28	
716	7824	Food	6	29	36	
717	7824	Food	20	36	59	
718	7824	Food	31	59	95	
719	7824	Price	5	96	101	
720	7824	Food	31	102	138	
721	7824	Food	7	138	148	
722	7824	Food	9	148	160	
723	7824	Food	48	160	219	
724	7824	Price	5	220	225	
725	7824	Food	55	226	290	
726	7824	Food	27	303	336	
727	7824	Food	15	336	353	
728	7824	Price	5	354	359	
729	7824	Food	18	360	381	
730	7824	Food	8	381	390	
731	7824	Food	7	398	406	
732	7824	Whole	15	407	423	
733	7824	Food	1	423	424	
734	7824	Whole	4	425	429	
735	7824	Food	9	430	439	
736	7824	Food	22	439	463	
737	7824	Whole	8	464	473	
738	7824	Food	1	483	484	
739	7824	Food	1	496	497	
740	7824	Food	30	501	537	
741	7824	Food	25	537	566	
742	7824	Food	95	566	677	
743	7824	Food	9	677	687	
744	7824	Whole	4	688	692	
745	7824	Service	17	693	712	
746	7824	Food	5	713	718	
747	7824	Whole	9	719	728	negative
748	7824	Food	34	729	769	
749	7824	Whole	5	770	775	
750	7824	Food	18	775	796	
751	7824	Food	23	800	825	
752	7824	Food	1	825	826	
753	19503	Food	29	0	33	
754	19503	Price	9	34	43	
755	19503	Food	20	43	66	
756	19503	Food	1	66	67	
757	19503	Price	12	67	79	
758	19503	Food	21	80	104	
759	19503	Food	1	104	105	
760	19503	Food	26	105	133	
761	19503	Whole	13	134	147	
762	19503	Food	19	168	191	
763	19503	Whole	13	192	206	
764	19503	Food	1	206	207	
765	19503	Food	87	207	303	
766	19503	Food	1	303	304	
767	19503	Food	99	304	419	
768	19503	Whole	8	420	428	
769	19503	Food	1	428	429	
770	19503	Food	36	429	471	
771	19503	Food	15	471	487	
772	19503	Food	28	487	520	
773	19503	Price	5	521	526	
774	19503	Food	53	527	589	
775	19503	Food	1	589	590	
776	19503	Food	1	590	591	
777	19503	Food	1	591	592	
778	19503	Food	1	592	593	
779	1434	Food	14	0	16	
780	1434	Food	104	16	139	
781	1434	Whole	8	140	148	
782	1434	Food	17	149	168	
783	1434	Food	1	168	169	
784	1434	Food	1	169	170	
785	1434	Food	9	170	180	
786	1434	Food	55	180	243	
787	1434	Whole	8	244	252	
788	1434	Food	54	253	314	
789	1434	Food	17	314	335	
790	1434	Whole	11	336	348	
791	1434	Food	33	349	389	
792	1434	Food	9	389	399	
793	1434	Food	1	399	400	
794	1434	Whole	5	401	406	
795	1434	Food	37	407	451	
796	1434	Whole	4	452	456	
797	1434	Food	14	457	473	
798	1434	Whole	13	474	489	
799	1434	Food	15	490	505	
800	1434	Whole	2	506	508	
801	1434	Food	9	509	519	
802	1434	Food	3	519	523	
803	1434	Food	11	523	537	
804	1434	Food	4	537	542	
805	1434	Price	11	543	554	
806	1434	Food	6	555	561	
807	1434	Price	2	562	564	
808	1434	Food	50	565	625	
809	1434	Whole	6	626	633	
810	1434	Food	11	634	645	
811	1434	Food	17	645	665	
812	1434	Food	4	665	671	
813	1434	Whole	6	672	678	
814	1434	Food	35	679	720	
815	1434	Price	3	721	724	
816	1434	Food	37	725	767	
817	1434	Food	1	767	768	
818	1434	Food	1	768	769	
819	1434	Food	1	769	770	
820	1434	Food	1	770	771	
821	1434	Food	33	771	808	
822	1434	Food	1	818	819	
823	1434	Food	1	819	820	
824	1434	Food	1	820	821	
825	1434	Food	1	821	822	
826	2073	Food	25	0	31	
827	2073	Price	9	31	40	
828	2073	Food	57	40	106	
829	2073	Food	58	106	173	
830	2073	Food	31	173	212	
831	2073	Food	9	212	222	
832	2073	Whole	8	223	231	
833	2073	Food	9	231	241	
834	2073	Whole	5	242	247	
835	2073	Food	58	247	313	
836	2073	Whole	12	314	326	
837	2073	Food	21	327	353	
838	2073	Whole	8	354	362	
839	2073	Food	22	363	387	
840	2073	Food	65	387	466	
841	2073	Food	23	466	494	
842	2073	Food	26	494	527	
843	2073	Price	8	528	536	
844	2073	Service	4	537	541	
845	2073	Food	14	542	559	
846	2073	Food	24	559	588	
847	2073	Food	30	588	625	
848	2073	Food	30	625	659	
849	2073	Food	15	659	676	
850	2073	Food	82	676	775	
851	2073	Food	34	775	817	
852	2073	Food	28	817	851	
853	2073	Food	64	851	926	
854	2073	Food	16	926	945	
855	2073	Food	106	945	1070	
856	2073	Food	58	1070	1135	
857	2073	Food	24	1135	1165	
858	2073	Food	67	1165	1246	
859	14568	Food	6	0	7	
860	14568	Whole	4	8	12	positive
861	14568	Price	23	13	39	
862	14568	Food	9	40	49	
863	14568	Food	33	49	88	
864	14568	Food	8	88	98	
865	14568	Food	1	98	99	
866	14568	Food	16	99	117	
867	14568	Whole	8	118	126	
868	14568	Food	20	126	151	
869	14568	Food	23	151	177	
870	14568	Food	22	177	204	
871	14568	Food	37	204	249	
872	14568	Food	3	249	253	
873	14568	Whole	3	254	257	
874	14568	Food	17	258	277	
875	14568	Food	1	277	278	
876	14568	Whole	7	279	286	
877	14568	Food	16	287	304	
878	14568	Food	6	304	311	
879	14568	Whole	14	312	328	
880	14568	Food	6	329	336	
881	14568	Food	28	336	369	
882	14568	Whole	11	370	382	
883	14568	Food	1	382	383	
884	14568	Price	6	384	390	
885	14568	Food	14	391	407	
886	14568	Food	1	407	408	
887	14568	Food	17	408	428	
888	14568	Whole	18	429	449	
889	14568	Food	44	449	500	
890	14568	Food	23	500	527	
891	14568	Food	10	527	538	
892	14568	Whole	2	539	541	
893	14568	Food	18	542	562	
894	14568	Food	35	562	604	
895	14568	Service	6	605	611	positive
896	14568	Whole	9	612	621	
897	14568	Food	9	622	631	
898	14568	Food	1	631	632	
899	14568	Whole	7	633	640	
900	14568	Food	1	641	642	
901	14568	Whole	7	643	650	
902	14568	Food	7	651	658	
903	14568	Food	15	658	676	
904	14568	Food	29	676	709	
905	14568	Food	14	709	727	
906	14568	Price	5	728	733	
907	14568	Food	28	734	766	
908	14568	Food	11	766	779	
909	14568	Food	7	779	787	
910	14568	Interior	8	788	796	
911	14568	Food	1	797	798	
912	14568	Interior	6	799	805	
913	14568	Food	11	805	818	
914	14568	Whole	6	819	825	
915	14568	Food	28	826	857	
916	14568	Food	1	857	858	
917	13100	Food	38	0	43	
918	13100	Food	1	43	44	
919	13100	Food	20	44	68	
920	13100	Interior	13	69	83	
921	13100	Food	1	83	84	
922	13100	Food	45	84	135	
923	13100	Food	1	135	136	
924	13100	Food	44	136	185	
925	13100	Food	7	194	201	
926	13100	Food	37	212	252	
927	13100	Whole	7	253	260	
928	13100	Food	9	269	278	
929	13100	Food	19	291	312	
930	13100	Food	1	312	313	
931	13100	Food	31	313	348	
932	13100	Food	1	348	349	
933	13100	Food	1	349	350	
934	13100	Food	1	350	351	
935	13100	Food	13	351	365	
936	13100	Food	1	365	366	
937	13100	Food	35	366	403	
938	13100	Food	1	403	404	
939	13100	Food	11	404	416	
940	13100	Food	1	421	422	
941	13100	Food	1	422	423	
942	13100	Food	21	423	445	positive
943	13100	Food	1	445	446	
944	13100	Food	19	446	468	
945	13100	Food	1	468	469	
946	13100	Food	1	469	470	
947	13100	Food	1	470	471	
948	13100	Food	1	471	472	
949	13100	Food	1	472	473	
950	13100	Whole	14	473	489	
951	13100	Food	1	489	490	
952	13100	Whole	2	490	492	
953	13100	Food	1	493	494	
954	13100	Whole	6	495	501	
955	13100	Food	19	502	524	
956	13100	Whole	6	525	531	
957	13100	Food	1	531	532	
958	13100	Food	27	532	563	
959	13100	Whole	10	564	575	
960	13100	Food	5	576	581	
961	13100	Whole	20	582	603	
962	13100	Food	1	603	604	
963	13100	Food	38	604	647	
964	13100	Food	1	647	648	
965	13100	Food	10	648	658	
966	13100	Food	1	658	659	
967	13100	Food	1	659	660	
968	13100	Food	1	660	661	
969	13100	Food	43	661	709	
970	13100	Food	1	709	710	
971	13100	Food	9	710	720	
972	13100	Food	1	720	721	
973	13100	Food	22	721	746	
974	13100	Food	1	746	747	
975	13100	Food	20	747	769	
976	13100	Food	1	769	770	
977	13100	Food	72	770	852	
978	13100	Food	1	852	853	
979	13100	Food	53	853	913	
980	13100	Food	1	913	914	
981	13100	Food	12	914	927	
982	13100	Interior	5	928	933	
983	13100	Food	37	934	974	
984	13100	Price	8	975	983	
985	13100	Food	12	984	998	
986	13100	Food	1	998	999	
987	13100	Food	20	999	1021	
988	13100	Food	1	1021	1022	
989	13100	Food	12	1022	1036	
990	13100	Food	11	1044	1055	
991	13100	Food	1	1055	1056	
992	13100	Food	1	1056	1057	
993	13100	Food	1	1057	1058	
994	13100	Food	1	1058	1059	
995	13100	Food	6	1059	1066	
996	13100	Food	1	1066	1067	
997	13100	Food	54	1067	1132	
998	13100	Food	1	1132	1133	
999	13100	Food	14	1133	1149	
1000	13100	Food	19	1149	1171	
1001	13100	Food	1	1171	1172	
1002	13100	Food	1	1172	1173	
1003	13100	Food	1	1173	1174	
1004	13100	Food	18	1174	1194	
1005	13100	Food	1	1194	1195	
1006	27841	Food	22	0	25	
1007	27841	Food	1	25	26	
1008	27841	Price	12	27	40	
1009	27841	Food	6	41	47	
1010	27841	Food	3	47	50	
1011	27841	Food	41	50	95	
1012	27841	Food	13	95	110	
1013	27841	Food	52	110	173	
1014	27841	Food	51	173	232	
1015	27841	Food	9	232	242	
1016	27841	Food	1	242	243	
1017	27841	Food	6	251	257	
1018	27841	Price	5	258	263	
1019	27841	Whole	4	264	268	
1020	27841	Food	9	269	278	
1021	27841	Food	44	278	329	
1022	27841	Food	3	329	332	
1023	27841	Food	25	332	362	
1024	27841	Price	5	363	368	
1025	27841	Food	50	368	426	
1026	27841	Food	18	426	447	
1027	27841	Food	19	447	469	
1028	27841	Price	2	470	472	
1029	27841	Food	39	473	520	
1030	27841	Food	2	520	523	
1031	27841	Service	4	524	528	
1032	27841	Food	23	529	556	
1033	27841	Food	49	556	613	
1034	27841	Food	1	613	614	
1035	27841	Whole	10	615	625	
1036	27841	Food	22	626	653	
1037	27841	Whole	8	654	662	
1038	27841	Food	8	663	671	
1039	27841	Food	12	671	685	
1040	27841	Food	70	685	768	
1041	27841	Food	11	768	781	
1042	27841	Food	22	781	808	
1043	27841	Food	46	808	862	
1044	27841	Food	1	862	863	
1045	31004	Food	10	0	12	
1046	31004	Food	29	12	45	
1047	31004	Food	3	45	49	
1048	31004	Food	7	49	58	
1049	31004	Food	10	58	69	
1050	31004	Food	1	69	70	
1051	31004	Food	15	70	87	
1052	31004	Food	23	87	114	
1053	31004	Food	50	114	174	
1054	31004	Food	4	174	179	
1055	31004	Whole	3	180	183	
1056	31004	Food	19	184	205	
1057	31004	Food	15	205	222	
1058	31004	Food	24	222	248	
1059	31004	Food	1	248	249	
1060	31004	Whole	8	250	258	positive
1061	31004	Food	8	259	267	
1062	31004	Food	3	267	270	
1063	31004	Whole	8	271	279	
1064	31004	Food	21	280	302	
1065	31004	Whole	5	303	308	
1066	31004	Food	17	308	329	
1067	31004	Food	10	329	342	
1068	31004	Whole	6	343	349	
1069	31004	Food	28	349	381	
1070	31004	Food	1	381	382	
1071	31004	Food	23	382	408	
1072	31004	Whole	2	409	411	
1073	31004	Food	17	411	432	
1074	31004	Food	15	432	452	
1075	31004	Whole	5	453	458	
1076	31004	Service	11	459	470	
1077	31004	Food	6	471	477	negative
1078	31004	Food	5	477	483	positive
1079	31004	Whole	6	484	490	
1080	31004	Service	8	491	499	
1081	31004	Food	1	500	501	
1082	31004	Whole	2	502	504	
1083	31004	Service	4	505	509	
1084	31004	Food	1	510	511	
1085	31004	Service	2	512	514	
1086	31004	Food	5	515	520	positive
1087	31004	Food	4	520	525	
1088	31004	Whole	5	526	531	
1089	31004	Price	6	532	538	
1090	31004	Service	3	539	542	
1091	31004	Whole	4	543	547	
1092	31004	Service	5	548	553	
1093	31004	Food	1	554	555	
1094	31004	Service	4	556	560	
1095	31004	Food	30	561	594	
1096	31004	Whole	7	595	602	
1097	31004	Service	4	603	607	
1098	31004	Food	1	607	608	
1099	31004	Service	13	609	623	
1100	31004	Food	18	623	643	
1101	31004	Whole	3	644	647	
1102	31004	Food	1	648	649	
1103	31004	Food	4	649	653	
1104	31004	Food	8	653	663	
1105	31004	Food	16	663	683	
1106	31004	Food	32	683	721	
1107	31004	Service	9	722	731	
1108	31004	Food	2	732	734	
1109	31004	Service	4	735	739	
1110	31004	Food	14	740	755	
1111	31004	Food	1	755	756	
1112	31004	Food	83	756	850	
1113	31004	Whole	13	851	866	
1114	31004	Food	7	867	875	
1115	31004	Food	12	875	888	
1116	31004	Food	27	888	920	
1117	31004	Food	8	920	929	
1118	31004	Food	1	929	930	
1119	31004	Food	10	930	942	
1120	31004	Whole	5	943	948	
1121	31004	Food	54	949	1012	
1122	31004	Food	1	1012	1013	
1123	35635	Food	19	0	21	
1124	35635	Food	25	21	52	
1125	35635	Food	17	52	72	
1126	35635	Food	23	72	98	
1127	35635	Interior	8	99	107	
1128	35635	Food	16	108	125	
1129	35635	Price	6	126	132	
1130	35635	Food	12	133	146	
1131	35635	Food	2	146	149	
1132	35635	Whole	5	150	155	
1133	35635	Food	2	155	158	
1134	35635	Whole	12	159	171	
1135	35635	Food	67	171	247	
1136	35635	Food	7	247	255	
1137	35635	Food	75	255	342	
1138	35635	Food	19	342	365	
1139	35635	Food	32	365	405	
1140	35635	Food	15	405	422	
1141	35635	Food	16	422	443	
1142	35635	Food	1	443	444	
1143	35635	Food	1	444	445	
1144	35635	Food	44	445	497	
1145	35635	Food	4	497	502	
1146	35635	Whole	4	503	507	
1147	35635	Food	7	508	516	
1148	35635	Food	20	516	540	
1149	35635	Food	1	540	541	
1150	35635	Food	56	541	610	
1151	35635	Food	31	610	644	
1152	35635	Food	26	644	675	
1153	35635	Food	11	675	688	
1154	35635	Food	4	688	693	
1155	35635	Price	8	694	702	
1156	35635	Food	14	703	718	
1157	35635	Food	1	718	719	
1158	35635	Food	1	719	720	
1159	35635	Food	27	720	751	
1160	35635	Food	25	751	781	
1161	35635	Food	24	781	809	
1162	35635	Food	19	809	832	
1163	35635	Food	13	832	848	
1164	35635	Food	30	848	884	
1165	35635	Food	13	884	899	
1166	35635	Food	57	899	967	
1167	35635	Food	5	967	973	
1168	35635	Food	7	973	982	
1169	35635	Price	6	983	989	
1170	35635	Food	6	990	996	
1171	35635	Food	47	996	1052	
1172	35635	Food	12	1052	1065	
1173	35635	Food	20	1065	1091	
1174	35635	Food	11	1091	1106	
1175	35635	Food	6	1106	1112	
1176	35635	Food	1	1112	1113	
1177	35635	Food	1	1113	1114	
1178	35635	Food	9	1114	1124	
1179	35635	Food	7	1124	1132	
1180	35635	Food	18	1132	1154	
1181	35635	Food	11	1154	1167	
1182	35635	Food	15	1167	1187	
1183	35635	Food	25	1187	1216	
1184	35635	Food	5	1216	1222	
1185	35635	Food	64	1222	1298	
1186	35635	Food	1	1298	1299	
1187	13186	Food	25	0	29	
1188	13186	Price	14	30	45	
1189	13186	Food	9	45	55	
1190	13186	Price	14	56	71	
1191	13186	Service	17	72	90	
1192	13186	Food	9	91	101	
1193	13186	Price	5	102	107	
1194	13186	Food	2	107	110	positive
1195	13186	Whole	6	111	117	
1196	13186	Service	10	118	129	
1197	13186	Food	33	130	167	
1198	13186	Service	5	168	173	
1199	13186	Food	14	174	189	
1200	13186	Food	14	189	207	
1201	13186	Service	9	208	217	positive
1202	13186	Food	15	218	235	positive
1203	13186	Food	10	235	247	
1204	13186	Service	4	248	252	
1205	13186	Food	23	253	280	
1206	13186	Food	17	280	299	
1207	13186	Whole	8	300	309	
1208	13186	Food	1	309	310	
1209	13186	Whole	39	311	356	
1210	13186	Food	28	357	389	
1211	13186	Food	57	389	454	
1212	13186	Food	26	454	486	
1213	13186	Food	1	486	487	
1214	13186	Whole	5	488	493	
1215	13186	Food	13	494	509	
1216	13186	Whole	2	510	512	
1217	13186	Food	12	513	527	
1218	13186	Food	1	527	528	
1219	13186	Whole	5	529	534	
1220	13186	Food	6	535	543	
1221	13186	Food	34	543	585	
1222	13186	Food	1	585	586	
1223	13186	Service	6	587	593	
1224	13186	Food	21	594	618	
1225	13186	Food	18	618	638	
1226	13186	Food	35	638	683	
1227	13186	Food	1	683	684	
1228	797	Food	5	0	6	
1229	797	Price	9	7	16	
1230	797	Food	17	17	38	
1231	797	Food	15	38	55	
1232	797	Food	1	55	56	
1233	797	Food	16	56	74	
1234	797	Food	12	74	88	
1235	797	Service	6	89	95	
1236	797	Food	15	96	114	
1237	797	Food	10	114	126	
1238	797	Food	32	126	163	
1239	797	Food	10	163	176	
1240	797	Food	21	176	201	
1241	797	Food	17	205	225	
1242	797	Food	1	225	226	
1243	797	Food	123	226	374	
1244	797	Service	10	375	385	
1245	797	Food	1	385	386	
1246	797	Food	1	386	387	
1247	797	Food	45	387	438	
1248	797	Food	19	438	462	
1249	797	Food	7	462	470	
1250	797	Food	10	470	482	
1251	797	Food	39	482	529	
1252	797	Food	46	529	583	
1253	797	Food	30	583	618	
1254	797	Food	54	618	682	
1255	797	Food	1	682	683	
1256	22386	Food	20	0	22	
1257	22386	Food	47	22	79	
1258	22386	Whole	4	80	84	
1259	22386	Food	28	84	116	
1260	22386	Service	5	117	122	
1261	22386	Food	9	123	133	
1262	22386	Service	4	134	138	
1263	22386	Food	21	139	161	
1264	22386	Food	8	161	170	
1265	22386	Food	9	170	180	
1266	22386	Service	1	181	182	
1267	22386	Food	1	191	192	
1268	22386	Food	16	198	216	
1269	22386	Food	7	216	224	
1270	22386	Service	2	225	227	
1271	22386	Whole	7	228	235	
1272	22386	Food	8	235	244	
1273	22386	Whole	1	245	246	
1274	22386	Food	11	247	259	
1275	22386	Whole	7	260	267	
1276	22386	Food	21	267	291	
1277	22386	Whole	6	292	298	
1278	22386	Food	10	299	310	
1279	22386	Whole	12	311	323	
1280	22386	Food	1	323	324	
1281	22386	Service	9	325	334	
1282	22386	Food	39	335	379	
1283	22386	Whole	12	380	392	
1284	22386	Food	1	393	394	
1285	22386	Food	40	394	440	
1286	22386	Food	32	440	479	
1287	22386	Food	1	479	480	
1288	22386	Food	34	480	519	
1289	22386	Food	27	519	551	
1290	22386	Food	1	551	552	
1291	22386	Food	25	552	580	
1292	22386	Price	6	581	587	
1293	22386	Food	90	587	693	
1294	22386	Food	1	693	694	
1295	27040	Food	34	0	40	
1296	27040	Food	16	40	60	
1297	27040	Food	19	60	83	
1298	27040	Food	31	83	122	
1299	27040	Food	30	122	154	
1300	27040	Food	1	154	155	
1301	27040	Food	3	155	158	
1302	27040	Price	8	159	167	
1303	27040	Food	37	168	211	
1304	27040	Food	36	211	257	
1305	27040	Food	13	257	271	
1306	27040	Food	25	271	298	
1307	27040	Food	13	298	313	
1308	27040	Food	27	313	343	
1309	27040	Food	1	343	344	
1310	27040	Food	1	344	345	
1311	27040	Food	1	345	346	
1312	27040	Food	12	346	360	
1313	27040	Food	19	360	382	
1314	27040	Food	1	382	383	
1315	27040	Food	1	383	384	
1316	27040	Food	7	384	391	negative
1317	27040	Food	1	391	392	
1318	27040	Food	15	392	410	
1319	27040	Food	1	410	411	
1320	27040	Food	1	411	412	
1321	27040	Food	1	412	413	
1322	32442	Food	16	0	18	
1323	32442	Price	24	19	45	
1324	32442	Food	32	46	82	
1325	32442	Price	15	83	99	
1326	32442	Food	23	100	125	
1327	32442	Price	6	126	132	
1328	32442	Food	18	133	155	
1329	32442	Food	19	155	179	
1330	32442	Whole	14	180	196	
1331	32442	Food	25	196	226	
1332	32442	Food	40	226	270	
1333	32442	Whole	19	271	293	
1334	32442	Food	1	294	295	
1335	32442	Whole	14	296	311	
1336	32442	Food	1	312	313	
1337	32442	Food	27	313	344	
1338	32442	Food	1	344	345	
1339	32442	Food	18	345	367	
1340	32442	Food	1	367	368	
1341	32442	Whole	8	369	377	
1342	32442	Food	12	378	391	
1343	32442	Whole	8	392	400	
1344	32442	Food	5	401	406	
1345	32442	Whole	3	407	410	
1346	32442	Food	15	411	428	
1347	32442	Food	8	428	437	
1348	32442	Whole	9	438	448	
1349	32442	Food	8	448	457	
1350	32442	Whole	6	458	464	
1351	32442	Food	38	464	511	
1352	32442	Food	73	511	597	
1353	32442	Food	6	597	605	
1354	33252	Food	81	0	95	
1355	33252	Price	8	96	104	
1356	33252	Food	12	105	119	
1357	33252	Food	18	119	140	
1358	33252	Food	4	140	146	
1359	33252	Food	13	146	161	
1360	33252	Food	21	161	186	
1361	33252	Whole	5	187	192	
1362	33252	Food	5	193	198	
1363	33252	Service	9	199	208	
1364	33252	Food	1	209	210	
1365	33252	Food	1	210	211	
1366	33252	Whole	4	212	216	
1367	33252	Food	37	217	257	
1368	33252	Food	21	257	282	
1369	33252	Food	34	282	320	
1370	33252	Whole	4	321	325	
1371	33252	Food	7	325	333	
1372	33252	Food	9	333	343	
1373	33252	Food	41	343	391	
1374	33252	Food	25	391	423	
1375	33252	Food	1	423	424	
1376	33252	Food	1	424	425	
1377	33252	Whole	5	426	431	
1378	33252	Food	22	432	457	
1379	33252	Food	8	457	466	
1380	33252	Whole	10	467	478	
1381	33252	Food	9	479	490	
1382	33252	Food	110	490	619	
1383	33252	Food	10	619	632	
1384	33252	Whole	5	633	638	
1385	33252	Food	1	639	640	
1386	33252	Whole	7	641	648	
1387	33252	Food	25	649	676	
1388	33252	Food	82	676	772	
1389	33252	Food	7	772	780	
1390	33252	Food	8	780	790	
1391	33252	Food	72	804	885	
1392	33252	Food	21	885	911	
1393	33252	Food	22	911	937	
1394	33252	Food	7	937	945	
1395	33252	Food	12	945	960	
1396	33252	Food	12	960	974	
1397	33252	Food	17	974	995	
1398	33252	Food	35	995	1037	
1399	33252	Food	26	1037	1068	
1400	33252	Interior	9	1069	1078	
1401	33252	Food	7	1079	1086	
1402	33252	Food	1	1086	1087	
1403	36085	Food	9	0	10	
1404	36085	Price	3	11	14	
1405	36085	Food	5	15	20	
1406	36085	Food	51	20	80	
1407	36085	Price	16	81	98	
1408	36085	Food	5	106	111	
1409	36085	Food	9	111	123	
1410	36085	Whole	6	124	130	
1411	36085	Food	66	131	207	
1412	36085	Food	1	207	208	
1413	36085	Whole	8	209	217	
1414	36085	Food	8	217	226	
1415	36085	Service	9	227	236	
1416	36085	Whole	5	237	242	
1417	36085	Food	12	242	257	
1418	36085	Food	32	257	294	
1419	36085	Food	14	294	309	
1420	36085	Food	44	318	369	
1421	36085	Food	34	369	409	
1422	36085	Food	31	409	446	
1423	36085	Price	7	447	454	
1424	36085	Food	21	455	479	
1425	36085	Price	4	480	484	
1426	36085	Food	10	485	496	
1427	36085	Food	1	496	497	
1428	11770	Food	16	0	20	
1429	11770	Food	25	20	48	
1430	11770	Whole	4	49	53	
1431	11770	Food	98	53	169	
1432	11770	Food	2	169	172	
1433	11770	Price	8	173	181	
1434	11770	Food	61	182	256	
1435	11770	Food	4	256	261	
1436	11770	Whole	4	262	266	
1437	11770	Service	5	267	272	
1438	11770	Food	33	273	309	
1439	11770	Whole	4	310	314	
1440	11770	Food	33	315	355	
1441	11770	Food	11	355	368	
1442	11770	Food	11	368	381	
1443	11770	Food	54	381	447	
1444	11770	Price	4	448	452	
1445	11770	Food	32	452	490	
1446	11770	Price	8	491	501	
1447	11770	Food	52	502	561	
1448	11770	Food	24	561	590	
1449	11770	Whole	7	591	598	
1450	11770	Food	31	599	633	
1451	11770	Food	22	633	659	
1452	11770	Whole	4	660	664	
1453	11770	Food	9	665	674	
1454	11770	Food	17	674	696	
1455	11770	Food	73	696	783	
1456	11770	Food	19	783	806	
1457	11770	Food	16	806	825	
1458	11770	Food	27	825	857	
1459	11770	Food	49	857	916	
1460	11770	Food	45	923	974	
1461	11770	Food	27	974	1005	
1462	11770	Food	1	1005	1006	
1463	11770	Price	8	1007	1015	
1464	11770	Food	14	1016	1031	
1465	11770	Food	1	1031	1032	
1466	9289	Food	10	0	11	
1467	9289	Food	27	11	45	
1468	9289	Food	14	45	61	
1469	9289	Food	1	61	62	
1470	9289	Food	24	62	89	
1471	9289	Food	18	89	111	
1472	9289	Food	3	111	115	
1473	9289	Service	13	116	129	negative
1474	9289	Food	14	130	146	
1475	9289	Food	32	146	185	
1476	9289	Food	1	185	186	
1477	9289	Food	1	186	187	
1478	9289	Food	1	187	188	
1479	9289	Food	1	188	189	
1480	9289	Food	1	189	190	
1481	9289	Food	1	190	191	
1482	9289	Food	1	191	192	
1483	9289	Food	32	192	229	
1484	9289	Food	1	229	230	
1485	9289	Whole	6	231	237	
1486	9289	Food	17	238	257	
1487	9289	Food	8	257	267	
1488	9289	Food	14	267	285	
1489	9289	Food	1	285	286	
1490	9289	Food	1	286	287	
1491	9289	Food	32	287	322	
1492	9289	Food	1	322	323	
1493	9289	Food	18	323	343	
1494	9289	Food	1	343	344	
1495	9289	Food	17	344	363	
1496	9289	Food	1	363	364	
1497	9289	Food	13	364	378	
1498	9289	Food	1	378	379	
1499	9289	Food	1	379	380	
1500	9289	Food	13	380	394	
1501	9289	Whole	10	395	407	
1502	9289	Food	15	408	424	
1503	9289	Food	2	424	427	
1504	9289	Whole	4	428	432	
1505	9289	Food	2	433	435	
1506	9289	Whole	3	436	439	
1507	9289	Food	32	440	476	
1508	9289	Food	4	476	481	
1509	9289	Whole	8	482	490	
1510	9289	Food	9	491	502	
1511	9289	Food	25	502	532	
1512	9289	Whole	6	533	539	
1513	9289	Food	1	539	540	
1514	9289	Food	19	540	565	
1515	9289	Whole	11	566	578	
1516	9289	Food	3	578	581	
1517	9289	Food	3	581	584	
1518	9289	Food	3	584	587	
1519	9289	Food	3	587	590	
1520	9289	Food	3	590	593	
1521	9289	Food	3	593	596	
1522	9289	Food	16	596	614	
1523	9289	Food	1	614	615	
1524	9289	Food	1	615	616	
1525	9289	Food	1	616	617	
1526	9289	Food	21	617	643	
1527	9289	Food	1	643	644	
1528	9289	Whole	12	645	657	
1529	9289	Food	10	658	668	
1530	9289	Food	1	668	669	
1531	9289	Whole	7	670	677	
1532	9289	Food	30	678	712	
1533	9289	Food	1	712	713	
1534	9289	Food	1	713	714	
1535	9289	Food	24	714	744	
1536	9289	Food	14	744	761	
1537	9289	Whole	4	762	766	
1538	9289	Food	8	766	776	
1539	9289	Whole	8	777	785	
1540	9289	Food	16	786	805	
1541	9289	Food	1	805	806	
1542	9289	Food	1	806	807	
1543	9289	Food	11	807	820	
1544	9289	Food	1	820	821	
1545	9289	Food	16	821	839	
1546	9289	Food	15	839	856	
1547	9289	Food	1	856	857	
1548	9289	Food	18	857	877	
1549	9289	Food	1	877	878	
1550	9289	Food	1	878	879	
1551	9289	Food	1	879	880	
1552	9289	Price	8	881	889	
1553	9289	Food	13	890	903	
1554	9289	Food	13	903	918	positive
1555	9289	Food	10	918	929	
1556	9289	Food	6	929	936	
1557	9289	Food	28	936	969	
1558	9289	Food	1	969	970	
1559	9289	Food	1	970	971	
1560	9289	Food	1	971	972	
1561	9289	Food	1	972	973	
1562	9289	Food	1	973	974	
1563	9289	Food	1	974	975	
1564	9289	Food	15	975	992	
1565	9289	Food	34	992	1036	
1566	9289	Food	23	1036	1062	
1567	9289	Food	1	1062	1063	
1568	9289	Food	1	1063	1064	
1569	9289	Food	1	1064	1065	
1570	9289	Food	43	1065	1118	
1571	9289	Food	19	1118	1144	
1572	9289	Food	1	1144	1145	
1573	9289	Food	1	1145	1146	
1574	9289	Food	1	1146	1147	
1575	9289	Food	1	1147	1148	
1576	9289	Food	1	1148	1149	
1577	9289	Food	1	1149	1150	
1578	9289	Food	1	1150	1151	
1579	9289	Food	1	1151	1152	
1580	9289	Food	1	1152	1153	
1581	9289	Food	1	1153	1154	
1582	9289	Food	1	1154	1155	
1583	9289	Food	1	1155	1156	
1584	9289	Food	1	1156	1157	
1585	9289	Food	27	1157	1189	
1586	9289	Food	1	1189	1190	
1587	9289	Food	1	1190	1191	
1588	9289	Food	1	1191	1192	
1589	9289	Food	1	1192	1193	
1590	9289	Food	1	1193	1194	
1591	9289	Food	1	1194	1195	
1592	9289	Food	1	1195	1196	
1593	9289	Food	1	1196	1197	
1594	9289	Food	1	1197	1198	
1595	9289	Food	1	1198	1199	
1596	9289	Food	1	1199	1200	
1597	9289	Food	1	1200	1201	
1598	8996	Food	14	0	17	
1599	8996	Price	13	18	32	
1600	8996	Food	38	32	76	
1601	8996	Interior	5	77	82	
1602	8996	Food	7	83	90	
1603	8996	Food	6	90	97	
1604	8996	Whole	6	98	104	
1605	8996	Food	7	105	113	
1606	8996	Food	17	113	133	
1607	8996	Food	22	133	157	
1608	8996	Food	18	157	177	
1609	8996	Whole	8	178	186	
1610	8996	Food	22	187	212	
1611	8996	Food	15	212	229	
1612	8996	Whole	9	230	239	positive
1613	8996	Food	38	240	284	
1614	8996	Whole	5	285	290	
1615	8996	Food	14	290	306	
1616	8996	Food	15	306	323	
1617	8996	Food	55	323	387	
1618	8996	Whole	8	388	396	
1619	8996	Food	24	396	425	
1620	8996	Food	13	425	440	
1621	8996	Food	1	440	441	
1622	8996	Price	11	442	454	
1623	8996	Food	9	455	466	
1624	8996	Food	14	466	483	
1625	8996	Whole	4	484	488	
1626	8996	Food	17	488	508	
1627	8996	Food	21	508	533	
1628	8996	Price	1	534	535	
1629	8996	Whole	5	536	541	
1630	8996	Food	77	541	633	
1631	8996	Interior	8	634	642	
1632	8996	Food	8	643	651	
1633	8996	Service	5	652	657	
1634	8996	Food	10	658	669	
1635	8996	Service	5	670	675	
1636	8996	Food	33	675	715	
1637	8996	Food	2	715	718	
1638	8996	Interior	4	719	723	
1639	8996	Food	7	724	731	
1640	8996	Food	1	731	732	
1641	8996	Interior	5	733	738	
1642	8996	Food	20	739	762	
1643	8996	Food	36	762	806	
1644	8996	Food	28	806	838	
1645	8996	Food	8	838	847	
1646	8996	Interior	9	848	857	
1647	8996	Food	25	858	886	
1648	8996	Food	39	886	930	
1649	8996	Food	1	930	931	
1650	8996	Food	1	931	932	
1651	8996	Food	26	932	962	
1652	8996	Food	12	962	976	
1653	8996	Food	1	976	977	
1654	1427	Food	12	0	12	
1655	1427	Food	1	12	13	
1656	1427	Food	8	13	21	
1657	1427	Price	18	22	42	
1658	1427	Food	9	43	53	
1659	1427	Food	34	53	93	
1660	1427	Food	8	93	103	
1661	1427	Price	4	104	108	
1662	1427	Food	26	109	140	
1663	1427	Food	52	140	200	
1664	1427	Food	1	200	201	
1665	1427	Food	3	201	204	
1666	1427	Whole	9	205	214	negative
1667	1427	Food	6	215	221	
1668	1427	Food	62	232	304	
1669	1427	Food	1	304	305	
1670	1427	Food	8	305	313	
1671	1427	Food	65	313	392	
1672	1427	Food	1	392	393	
1673	1427	Whole	8	394	402	
1674	1427	Food	3	403	406	
1675	1427	Whole	7	407	414	
1676	1427	Service	9	423	432	negative
1677	1427	Food	36	433	474	
1678	1427	Food	1	474	475	
1679	1427	Food	24	475	503	
1680	1427	Food	1	511	512	
1681	1427	Food	26	512	542	
1682	1427	Food	19	542	565	
1683	1427	Service	13	566	579	negative
1684	1427	Food	1	579	580	
1685	1427	Food	6	580	588	
1686	1427	Whole	6	589	595	
1687	1427	Service	4	596	600	
1688	1427	Food	1	600	601	
1689	1427	Food	39	601	646	
1690	1427	Price	10	647	657	negative
1691	1427	Whole	4	658	662	
1692	1427	Food	9	663	673	
1693	1427	Food	36	673	714	
1694	1427	Food	80	714	809	
1695	1427	Food	83	809	907	
1696	1427	Food	32	907	944	
1697	1427	Food	1	944	945	
1698	1427	Food	48	945	1003	
1699	1427	Food	1	1003	1004	
1700	1427	Food	36	1004	1045	
1701	1427	Service	19	1046	1067	
1702	1427	Food	1	1067	1068	
1703	1427	Food	39	1068	1114	
1704	1427	Whole	6	1115	1121	
1705	1427	Food	15	1122	1138	
1706	1427	Price	5	1139	1144	
1707	1427	Food	28	1145	1176	
1708	1427	Price	7	1177	1184	
1709	1427	Food	10	1185	1196	
1710	1427	Price	9	1197	1206	
1711	1427	Food	17	1207	1226	
1712	1427	Food	75	1226	1315	
1713	20862	Food	14	0	17	
1714	20862	Interior	11	18	30	
1715	20862	Food	6	31	37	
1716	20862	Price	8	38	46	
1717	20862	Food	9	56	66	
1718	20862	Food	10	66	78	
1719	20862	Food	2	78	81	
1720	20862	Price	6	82	88	
1721	20862	Food	1	89	90	
1722	20862	Food	33	90	127	
1723	20862	Food	1	127	128	
1724	20862	Food	5	128	135	
1725	20862	Food	48	135	190	
1726	20862	Whole	9	191	200	positive
1727	20862	Food	22	201	225	
1728	20862	Food	50	225	285	
1729	20862	Food	4	285	290	
1730	20862	Food	1	300	301	
1731	20862	Food	1	311	312	
1732	20862	Food	1	321	322	
1733	20862	Whole	12	323	336	
1734	20862	Food	1	337	338	
1735	20862	Food	3	338	341	
1736	20862	Food	18	341	361	
1737	20862	Food	3	361	364	
1738	20862	Food	10	364	377	
1739	20862	Food	6	377	384	
1740	20862	Food	5	384	391	negative
1741	20862	Whole	9	392	401	
1742	20862	Food	22	402	427	
1743	20862	Food	1	427	428	
1744	20862	Food	8	428	437	
1745	20862	Food	1	437	438	
1746	20862	Whole	7	439	446	
1747	20862	Whole	5	457	462	
1748	20862	Food	1	462	463	
1749	20862	Whole	3	477	480	
1750	20862	Food	1	480	481	
1751	20862	Food	5	491	496	
1752	20862	Food	11	522	535	
1753	20862	Food	2	542	544	
1754	20862	Price	9	545	554	
1755	20862	Food	12	555	568	
1756	20862	Price	5	569	574	
1757	20862	Food	10	574	586	
1758	20862	Service	6	587	593	
1759	20862	Food	25	594	624	
1760	20862	Food	11	624	637	
1761	20862	Price	6	638	644	
1762	20862	Food	34	645	683	
1763	20862	Food	3	683	686	
1764	20862	Food	30	686	722	
1765	20862	Service	9	723	732	
1766	20862	Food	13	732	747	
1767	20862	Food	20	747	770	
1768	20862	Food	25	770	801	
1769	20862	Food	8	801	809	
1770	20862	Food	21	809	834	
1771	20862	Food	23	834	860	
1772	20862	Food	3	860	864	
1773	20862	Food	38	864	907	
1774	20862	Food	1	907	908	
1775	11532	Food	25	0	30	
1776	11532	Food	21	30	54	
1777	11532	Price	9	55	64	
1778	11532	Food	28	65	99	
1779	11532	Food	39	99	149	
1780	11532	Food	3	149	152	
1781	11532	Food	11	152	164	
1782	11532	Food	15	174	190	
1783	11532	Food	11	190	203	
1784	11532	Food	20	203	227	
1785	11532	Food	8	227	236	
1786	11532	Whole	8	237	245	
1787	11532	Food	24	246	273	
1788	11532	Food	18	273	295	
1789	11532	Food	22	295	319	
1790	11532	Whole	4	320	324	
1791	11532	Food	1	325	326	
1792	11532	Whole	3	327	330	
1793	11532	Food	1	331	332	
1794	11532	Whole	3	333	336	
1795	11532	Food	2	337	339	
1796	11532	Whole	5	340	345	
1797	11532	Food	15	346	362	
1798	11532	Food	1	362	363	
1799	11532	Food	13	363	378	
1800	11532	Whole	5	379	384	
1801	11532	Food	14	385	400	
1802	11532	Food	1	400	401	
1803	11532	Whole	36	402	446	
1804	11532	Food	1	447	448	
1805	11532	Food	5	448	453	
1806	11532	Whole	7	454	461	
1807	11532	Food	5	462	467	positive
1808	11532	Food	1	467	468	
1809	11532	Food	22	468	493	
1810	11532	Whole	13	493	507	
1811	11532	Food	1	508	509	
1812	11532	Whole	8	510	518	
1813	11532	Food	1	518	519	
1814	11532	Whole	6	520	526	
1815	11532	Food	12	526	539	
1816	11532	Whole	6	540	546	
1817	11532	Food	13	547	561	positive
1818	11532	Food	1	561	562	
1819	11532	Whole	7	563	572	
1820	11532	Food	40	573	619	
1821	11532	Whole	15	620	636	
1822	11532	Food	1	637	638	
1823	11532	Whole	8	639	647	
1824	11532	Food	5	648	653	
1825	11532	Whole	8	654	662	
1826	11532	Food	1	662	663	
1827	11532	Food	1	663	664	
1828	11532	Food	35	664	705	
1829	11532	Food	1	705	706	
1830	11532	Food	54	706	768	
1831	11532	Food	25	768	797	
1832	11532	Food	12	797	810	
1833	11532	Food	19	810	834	
1834	11532	Food	21	834	861	
1835	11532	Food	18	861	884	
1836	11532	Food	32	884	922	
1837	11532	Food	1	922	923	
1838	11532	Food	27	923	953	
1839	11532	Food	2	953	956	
1840	11532	Food	7	956	964	
1841	11532	Food	86	964	1066	
1842	11532	Food	23	1066	1093	
1843	11532	Food	1	1093	1094	
1844	25960	Food	148	0	172	
1845	25960	Whole	12	173	186	
1846	25960	Food	86	187	290	
1847	25960	Service	6	291	297	positive
1848	25960	Food	103	298	422	
1849	25960	Food	22	422	448	
1850	25960	Food	4	448	454	
1851	25960	Price	11	455	467	
1852	25960	Food	27	468	500	
1853	25960	Price	4	501	505	positive
1854	25960	Food	47	506	561	
1855	25960	Price	5	562	567	
1856	25960	Food	1	567	568	
1857	9721	Food	64	0	78	
1858	9721	Food	21	78	104	
1859	9721	Service	8	105	113	positive
1860	9721	Food	28	114	145	
1861	9721	Service	8	146	154	
1862	9721	Food	17	154	174	
1863	9721	Whole	10	175	185	positive
1864	9721	Food	56	186	251	
1865	9721	Food	7	251	260	
1866	9721	Price	8	261	269	
1867	9721	Food	102	269	393	
1868	9721	Whole	6	394	400	
1869	9721	Food	11	401	412	positive
1870	9721	Whole	8	413	422	
1871	9721	Food	37	423	466	
1872	9721	Food	1	466	467	
1873	9721	Whole	56	468	534	
1874	9721	Food	12	535	548	
1875	9721	Food	12	548	563	
1876	9721	Service	13	564	578	
1877	9721	Food	1	579	580	
1878	9721	Service	4	581	585	
1879	9721	Food	8	586	596	
1880	9721	Whole	12	597	609	
1881	9721	Food	9	610	619	
1882	9721	Whole	5	620	625	
1883	9721	Service	5	626	631	
1884	9721	Food	1	631	632	
1885	9721	Whole	6	633	639	
1886	9721	Food	40	640	689	
1887	9721	Service	9	690	699	
1888	9721	Food	18	700	719	
1889	9721	Whole	5	720	725	
1890	9721	Price	8	726	734	
1891	9721	Food	15	735	752	
1892	9721	Food	22	752	777	
1893	9721	Service	4	778	782	
1894	9721	Food	27	783	815	
1895	9721	Whole	5	816	821	
1896	9721	Service	11	822	833	
1897	9721	Food	20	834	856	
1898	9721	Food	24	856	882	
1899	9721	Price	8	883	891	
1900	9721	Food	5	892	898	
1901	9721	Service	4	899	903	
1902	9721	Food	24	904	933	
1903	9721	Service	6	934	940	
1904	9721	Food	5	940	948	
1905	9721	Food	7	948	955	
1906	9721	Food	13	955	971	
1907	9721	Food	1	971	972	
1908	16714	Food	13	0	16	
1909	16714	Food	8	16	24	
1910	16714	Food	1	24	25	
1911	16714	Food	11	25	37	
1912	16714	Whole	6	38	44	
1913	16714	Food	38	45	87	
1914	16714	Food	26	87	117	
1915	16714	Whole	5	118	123	
1916	16714	Food	33	124	162	
1917	16714	Price	2	162	164	
1918	16714	Food	8	165	173	
1919	16714	Food	1	173	174	
1920	16714	Food	21	174	197	
1921	16714	Food	1	197	198	
1922	16714	Whole	5	199	204	
1923	16714	Food	7	205	213	
1924	16714	Food	32	220	256	
1925	16714	Food	1	256	257	
1926	16714	Price	10	258	268	
1927	16714	Food	11	269	281	
1928	16714	Whole	4	282	286	
1929	16714	Food	1	286	287	
1930	16714	Whole	8	293	301	
1931	16714	Food	23	302	329	
1932	16714	Food	30	337	372	
1933	16714	Whole	6	373	379	
1934	16714	Food	48	380	432	
1935	16714	Food	10	432	444	
1936	16714	Food	3	444	447	positive
1937	16714	Food	22	447	471	
1938	16714	Interior	8	472	480	positive
1939	16714	Food	18	481	502	
1940	16714	Food	3	502	505	
1941	16714	Food	8	505	514	
1942	16714	Food	10	514	527	
1943	16714	Food	26	527	558	
1944	16714	Whole	5	559	564	
1945	16714	Food	13	565	581	
1946	16714	Price	8	582	590	
1947	16714	Food	74	591	672	
1948	16714	Food	20	672	697	
1949	16714	Food	23	697	724	
1950	16714	Service	7	725	732	positive
1951	16714	Food	1	732	733	
1952	16714	Food	14	733	749	
1953	16714	Food	26	749	778	
1954	16714	Food	2	778	781	
1955	16714	Service	6	782	788	positive
1956	16714	Food	24	789	816	
1957	16714	Food	1	816	817	
1958	26152	Food	12	0	13	
1959	26152	Food	63	13	88	
1960	26152	Price	8	89	97	
1961	26152	Food	55	97	161	
1962	26152	Food	20	161	185	
1963	26152	Food	3	185	188	
1964	26152	Food	5	188	195	
1965	26152	Whole	7	196	203	
1966	26152	Food	34	203	241	
1967	26152	Whole	5	242	247	
1968	26152	Food	10	248	259	
1969	26152	Whole	8	260	268	
1970	26152	Food	4	268	273	
1971	26152	Food	5	276	281	
1972	26152	Whole	19	282	302	
1973	26152	Food	86	303	400	
1974	26152	Whole	5	401	406	
1975	26152	Food	10	406	417	
1976	26152	Whole	6	418	424	
1977	26152	Food	12	424	437	
1978	26152	Whole	8	438	446	
1979	26152	Food	33	446	487	
1980	26152	Whole	6	488	494	
1981	26152	Food	1	494	495	
1982	26152	Whole	9	496	505	
1983	26152	Food	10	506	516	
1984	26152	Food	16	516	535	
1985	26152	Whole	4	536	540	
1986	26152	Food	1	540	541	
1987	26152	Whole	11	542	554	
1988	26152	Food	14	555	571	
1989	26152	Food	3	571	574	
1990	26152	Food	30	574	608	
1991	26152	Food	36	608	650	
1992	26152	Food	59	650	717	
1993	26152	Food	16	717	736	
1994	26152	Price	12	737	749	
1995	26152	Food	13	750	765	
1996	26152	Food	30	765	800	
1997	26152	Food	12	800	814	
1998	26152	Food	38	814	859	
1999	26152	Food	18	859	879	
2000	26152	Food	24	879	906	
2001	26152	Whole	2	907	909	
2002	26152	Food	25	910	939	
2003	26152	Whole	7	940	947	
2004	26152	Food	11	947	959	
2005	26152	Food	41	959	1008	
2006	26152	Whole	10	1009	1020	
2007	26152	Food	18	1020	1041	
2008	26152	Whole	15	1042	1058	
2009	26152	Food	1	1059	1060	
2010	26152	Whole	8	1061	1069	
2011	26152	Food	17	1070	1090	
2012	26152	Food	30	1090	1127	
2013	26152	Food	1	1127	1128	
2014	26152	Whole	9	1129	1138	positive
2015	26152	Food	1	1139	1140	
2016	26152	Whole	18	1141	1160	
2017	26152	Food	1	1161	1162	
2018	26152	Whole	7	1163	1170	
2019	26152	Food	23	1171	1196	
2020	26152	Food	4	1196	1202	
2021	26152	Food	11	1202	1214	
2022	26152	Food	42	1214	1264	
2023	26152	Food	1	1264	1265	
2024	785	Food	10	0	11	
2025	785	Food	48	11	68	
2026	785	Price	8	69	77	
2027	785	Food	10	78	88	positive
2028	785	Food	1	88	89	
2029	785	Whole	8	90	98	
2030	785	Food	8	99	107	
2031	785	Food	6	107	114	
2032	785	Food	28	120	152	
2033	785	Service	4	153	157	
2034	785	Food	8	157	166	
2035	785	Price	7	167	174	
2036	785	Food	29	174	209	
2037	785	Price	4	210	214	positive
2038	785	Food	4	215	219	
2039	785	Food	12	219	235	
2040	785	Price	10	236	247	
2041	785	Food	18	248	268	
2042	785	Food	74	268	357	
2043	785	Price	5	358	363	
2044	785	Food	21	364	391	
2045	785	Price	7	392	399	
2046	785	Food	6	400	407	
2047	785	Price	7	408	415	
2048	785	Service	13	416	429	negative
2049	785	Price	8	430	438	
2050	785	Food	2	439	441	
2051	785	Price	11	442	453	
2052	785	Food	7	454	461	
2053	785	Price	10	462	473	
2054	785	Food	8	474	483	
2055	785	Service	7	484	491	negative
2056	785	Food	1	491	492	
2057	785	Food	1	492	493	
2058	785	Food	33	493	532	
2059	785	Food	1	532	533	
2060	19817	Food	58	0	67	
2061	19817	Price	26	68	96	
2062	19817	Food	13	96	111	
2063	19817	Price	6	112	118	
2064	19817	Food	14	119	135	
2065	19817	Food	46	135	189	
2066	19817	Food	30	189	225	
2067	19817	Whole	9	226	235	
2068	19817	Food	12	236	251	
2069	19817	Whole	9	252	261	positive
2070	19817	Food	19	261	284	
2071	19817	Food	39	284	331	
2072	19817	Food	18	331	352	
2073	19817	Whole	5	353	358	
2074	19817	Food	26	359	388	
2075	19817	Food	27	388	420	
2076	19817	Whole	12	421	434	
2077	19817	Food	18	435	455	
2078	19817	Food	39	455	500	
2079	19817	Food	5	500	507	
2080	19817	Food	8	507	517	
2081	19817	Food	36	517	559	
2082	19817	Food	1	559	560	
2083	19817	Food	1	560	561	
2084	19817	Service	1	562	563	
2085	19817	Food	34	564	602	
2086	19817	Whole	29	603	634	
2087	19817	Food	5	635	640	
2088	19817	Whole	4	641	645	
2089	19817	Food	48	646	703	
2090	19817	Whole	9	704	713	
2091	19817	Food	1	714	715	
2092	19817	Food	7	715	722	
2093	19817	Food	1	722	723	
2094	19817	Food	2	723	726	
2095	19817	Price	13	727	740	
2096	19817	Food	18	741	762	
2097	19817	Whole	6	763	769	
2098	19817	Food	21	770	793	
2099	19817	Food	26	793	822	positive
2100	19817	Food	41	822	872	
2101	19817	Food	23	872	899	
2102	19817	Food	14	899	914	
2103	19817	Food	13	914	930	
2104	19817	Whole	4	931	935	
2105	19817	Food	35	936	977	
2106	19817	Whole	5	978	983	
2107	19817	Food	7	984	991	
2108	19817	Food	54	991	1053	
2109	19817	Food	18	1053	1076	
2110	19817	Whole	5	1077	1082	
2111	19817	Food	1	1083	1084	
2112	19817	Price	7	1084	1091	
2113	19817	Food	9	1092	1102	
2114	19817	Food	1	1102	1103	
2115	19817	Food	28	1103	1135	
2116	19817	Food	12	1135	1148	
2117	19817	Food	30	1148	1182	
2118	19817	Interior	5	1183	1188	
2119	19817	Food	11	1189	1201	
2120	19817	Food	25	1201	1233	
2121	19817	Food	48	1233	1289	
2122	19817	Food	1	1289	1290	
2123	19817	Food	1	1290	1291	
2124	19817	Food	1	1291	1292	
2125	19817	Food	1	1292	1293	
2126	34402	Food	13	0	16	
2127	34402	Price	8	17	26	
2128	34402	Food	39	26	74	
2129	34402	Food	38	74	119	
2130	34402	Price	5	120	125	
2131	34402	Food	66	126	202	
2132	34402	Price	18	203	222	
2133	34402	Service	5	223	228	
2134	34402	Food	1	229	230	
2135	34402	Service	6	231	237	
2136	34402	Price	3	238	241	
2137	34402	Food	87	242	341	
2138	34402	Food	21	341	366	
2139	34402	Price	9	367	376	
2140	34402	Food	5	377	382	positive
2141	34402	Price	5	383	388	
2142	34402	Food	35	389	431	
2143	34402	Whole	4	432	436	
2144	34402	Food	1	436	437	
2145	34402	Price	7	438	445	
2146	34402	Food	12	446	459	
2147	34402	Service	8	460	468	
2148	34402	Whole	7	469	476	
2149	34402	Price	7	477	484	
2150	34402	Food	46	485	537	
2151	34402	Price	18	538	557	
2152	34402	Food	31	558	594	
2153	34402	Service	6	595	601	
2154	34402	Food	35	602	642	
2155	34402	Service	5	643	648	
2156	34402	Food	38	649	693	
2157	34402	Price	6	694	700	
2158	34402	Food	8	701	709	
2159	34402	Food	1	709	710	
2160	3552	Food	41	0	47	
2161	3552	Food	44	47	99	
2162	3552	Whole	6	100	106	
2163	3552	Food	9	107	117	
2164	3552	Food	13	117	132	
2165	3552	Price	7	133	140	
2166	3552	Whole	4	141	145	
2167	3552	Food	11	146	159	
2168	3552	Food	13	159	175	
2169	3552	Whole	30	176	208	
2170	3552	Food	37	209	251	
2171	3552	Whole	4	252	256	
2172	3552	Food	10	257	268	
2173	3552	Whole	6	269	275	
2174	3552	Food	45	275	326	
2175	3552	Food	30	326	363	
2176	3552	Food	35	363	404	
2177	3552	Food	78	404	493	
2178	3552	Price	8	494	502	
2179	3552	Food	14	503	519	
2180	3552	Price	10	520	530	
2181	3552	Food	1	530	531	
2182	3552	Food	1	531	532	
2183	3552	Food	1	532	533	
2184	28112	Food	26	0	30	
2185	28112	Price	5	31	36	
2186	28112	Food	1	36	37	
2187	28112	Food	5	37	42	
2188	28112	Price	12	43	55	
2189	28112	Food	10	56	68	
2190	28112	Price	8	69	77	
2191	28112	Food	54	78	142	
2192	28112	Food	111	142	270	
2193	28112	Food	1	270	271	
2194	28112	Food	8	271	281	
2195	28112	Food	1	281	282	
2196	28112	Food	3	282	285	
2197	28112	Whole	5	286	291	
2198	28112	Food	1	292	293	
2199	28112	Whole	8	293	301	
2200	28112	Food	1	301	302	
2201	28112	Food	14	302	319	
2202	28112	Food	1	319	320	
2203	28112	Food	1	320	321	
2204	28112	Food	1	321	322	
2205	28112	Food	55	322	383	
2206	28112	Whole	4	384	388	
2207	28112	Food	38	389	430	
2208	28112	Food	1	430	431	
2209	28112	Food	21	431	456	
2210	28112	Food	1	456	457	
2211	28112	Food	1	457	458	
2212	28112	Food	35	458	498	
2213	28112	Food	1	498	499	
2214	28112	Food	37	499	539	
2215	28112	Food	1	539	540	
2216	28112	Food	22	540	567	
2217	28112	Price	4	568	572	
2218	28112	Food	1	572	573	
2219	28112	Food	20	573	595	
2220	28112	Food	1	595	596	
2221	28112	Food	105	596	713	
2222	28112	Food	1	713	714	
2223	28112	Food	6	714	720	
2224	28112	Food	1	720	721	
2225	28112	Food	2	721	723	
2226	28112	Price	5	724	729	
2227	28112	Food	54	730	792	
2228	28112	Food	1	792	793	
2229	28112	Food	59	793	860	
2230	28112	Food	1	860	861	
2231	28112	Food	80	861	954	
2232	28112	Food	1	954	955	
2233	28112	Food	12	955	969	
2234	28112	Price	6	969	975	
2235	28112	Food	23	976	1002	
2236	28112	Food	52	1002	1064	
2237	28112	Food	1	1064	1065	
2238	34710	Food	81	0	95	
2239	34710	Food	15	95	115	
2240	34710	Food	23	115	142	
2241	34710	Food	15	142	161	
2242	34710	Food	16	167	187	
2243	34710	Food	56	187	254	
2244	34710	Food	53	254	317	
2245	34710	Food	2	317	320	
2246	34710	Food	12	320	334	
2247	34710	Food	1	334	335	
2248	34710	Food	7	335	344	
2249	34710	Food	28	344	379	
2250	34710	Food	7	379	386	
2251	34710	Service	4	387	391	negative
2252	34710	Food	30	392	427	
2253	34710	Food	1	427	428	
2254	34710	Food	38	428	473	
2255	34710	Service	5	474	479	
2256	34710	Food	25	480	509	
2257	34710	Food	15	509	526	
2258	34710	Price	5	527	532	
2259	34710	Food	1	533	534	
2260	34710	Service	3	535	538	
2261	34710	Price	7	539	546	
2262	34710	Food	27	547	577	
2263	34710	Price	8	578	586	
2264	34710	Food	6	587	593	
2265	34710	Food	54	593	657	
2266	34710	Food	20	657	679	
2267	34710	Price	7	680	687	
2268	34710	Food	1	687	688	
2269	34710	Food	1	688	689	
2270	34710	Food	1	689	690	
2271	34710	Food	1	690	691	
2272	34710	Food	1	691	692	
2273	34710	Food	18	692	713	
2274	34710	Food	3	713	717	
2275	34710	Whole	5	718	723	
2276	34710	Food	8	724	732	
2277	34710	Food	46	732	786	
2278	34710	Food	1	786	787	
2279	34710	Food	1	787	788	
2280	34710	Food	7	788	796	
2281	34710	Food	22	796	820	
2282	34710	Food	20	820	843	
2283	34710	Food	7	843	852	
2284	34710	Food	1	852	853	
2285	5155	Food	89	0	97	
2286	5155	Food	1	97	98	
2287	5155	Food	1	98	99	
2288	5155	Food	9	99	110	
2289	5155	Service	9	111	120	
2290	5155	Food	12	121	135	
2291	5155	Service	4	136	140	
2292	5155	Food	4	141	146	
2293	5155	Service	11	147	159	
2294	5155	Food	108	160	285	
2295	5155	Whole	40	286	332	
2296	5155	Food	33	333	371	
2297	5155	Price	4	372	376	
2298	5155	Food	18	377	398	
2299	5155	Whole	6	399	405	
2300	5155	Food	12	406	419	
2301	5155	Food	1	419	420	
2302	5155	Price	14	420	435	
2303	5155	Food	15	436	453	
2304	5155	Food	1	453	454	
2305	5155	Food	62	454	524	
2306	33798	Food	64	0	75	
2307	33798	Food	32	75	113	
2308	33798	Whole	6	114	120	
2309	33798	Food	1	121	122	
2310	33798	Price	7	123	130	
2311	33798	Service	8	131	139	
2312	33798	Food	11	140	152	
2313	33798	Whole	13	153	166	
2314	33798	Service	4	167	171	
2315	33798	Food	39	171	218	
2316	33798	Food	8	218	228	
2317	33798	Whole	8	229	237	
2318	33798	Food	1	238	239	
2319	33798	Service	11	240	251	
2320	33798	Whole	17	252	271	
2321	33798	Food	4	272	276	
2322	33798	Food	7	276	285	
2323	33798	Whole	4	286	290	
2324	33798	Food	15	291	308	
2325	33798	Food	14	308	324	
2326	33798	Service	5	325	330	
2327	33798	Food	14	331	348	
2328	33798	Food	2	348	351	
2329	33798	Price	3	352	355	
2330	33798	Food	19	356	377	
2331	33798	Whole	8	378	386	
2332	33798	Food	10	387	398	
2333	33798	Price	18	399	418	
2334	33798	Food	12	419	431	
2335	33798	Food	41	431	478	
2336	33798	Price	8	479	487	
2337	33798	Food	1	487	488	
2338	33798	Food	1	488	489	
2339	33798	Food	1	489	490	
2340	31071	Food	19	0	20	
2341	31071	Food	14	20	38	
2342	31071	Food	4	38	44	positive
2343	31071	Food	12	44	56	
2344	31071	Food	1	56	57	
2345	31071	Food	10	57	68	
2346	31071	Food	11	68	81	
2347	31071	Food	41	81	130	
2348	31071	Food	21	130	154	
2349	31071	Food	1	154	155	
2350	31071	Food	19	155	177	
2351	31071	Food	12	177	192	
2352	31071	Food	24	192	221	
2353	31071	Food	8	221	230	
2354	31071	Price	8	231	239	
2355	31071	Food	55	240	304	
2356	31071	Food	30	304	337	
2357	31071	Food	1	337	338	
2358	31071	Food	54	351	416	
2359	31071	Food	18	416	436	
2360	31071	Whole	2	437	439	
2361	31071	Food	4	440	444	
2362	31071	Food	68	444	526	
2363	31071	Food	1	526	527	
2364	31071	Food	1	527	528	
2365	31071	Food	1	528	529	
2366	31071	Food	20	529	551	
2367	31071	Whole	12	552	565	
2368	31071	Food	17	565	586	
2369	31071	Food	1	586	587	
2370	31071	Interior	4	588	592	
2371	31071	Food	18	593	613	
2372	31071	Food	13	613	628	
2373	31071	Food	1	628	629	
2374	31071	Whole	7	630	637	
2375	31071	Food	33	638	678	
2376	31071	Food	9	678	688	
2377	31071	Food	5	688	695	
2378	31071	Price	3	696	699	
2379	31071	Food	24	700	725	
2380	31071	Food	52	735	792	
2381	31071	Food	1	792	793	
2382	31071	Food	19	811	832	
2383	31071	Food	19	835	857	
2384	31071	Food	5	857	863	
2385	31071	Food	10	863	875	
2386	31071	Food	1	898	899	
2387	31071	Food	5	899	905	positive
2388	31071	Food	2	905	908	
2389	31071	Food	13	908	922	
2390	31071	Food	11	922	935	
2391	31071	Whole	5	936	941	
2392	31071	Food	9	942	951	
2393	31071	Whole	11	952	965	
2394	31071	Food	1	965	966	
2395	31071	Food	1	966	967	
2396	31071	Food	1	967	968	
2397	31071	Food	1	968	969	
2398	31071	Whole	11	970	982	
2399	31071	Food	1	983	984	
2400	31071	Whole	8	984	992	
2401	31071	Food	24	992	1022	
2402	31071	Whole	27	1023	1054	
2403	31071	Food	4	1055	1059	
2404	31071	Food	1	1059	1060	
2405	3231	Food	23	0	27	
2406	3231	Price	5	28	33	
2407	3231	Food	4	34	39	
2408	3231	Food	1	39	40	
2409	3231	Food	1	40	41	
2410	3231	Food	58	41	112	
2411	3231	Food	20	112	135	
2412	3231	Food	21	135	159	
2413	3231	Food	7	159	167	
2414	3231	Food	17	176	194	
2415	3231	Food	1	203	204	
2416	3231	Food	1	204	205	
2417	3231	Food	33	205	243	
2418	3231	Food	1	243	244	
2419	3231	Food	29	244	278	
2420	3231	Food	3	278	281	
2421	3231	Food	26	281	309	
2422	3231	Food	71	309	394	
2423	3231	Food	1	394	395	
2424	3231	Food	22	410	434	
2425	3231	Food	24	434	463	
2426	3231	Food	30	463	498	
2427	3231	Price	7	499	506	
2428	3231	Food	1	506	507	
2429	3231	Food	1	507	508	
2430	3231	Food	1	508	509	
2431	3231	Food	1	509	510	
2432	3231	Food	1	510	511	
2433	3231	Price	1	512	513	
2434	3231	Food	18	514	535	
2435	3231	Food	39	535	582	
2436	3231	Food	53	582	643	
2437	3231	Food	91	643	749	
2438	3231	Food	1	749	750	
2439	3231	Food	1	750	751	
2440	3231	Food	1	751	752	
2441	3231	Food	1	752	753	
2442	3231	Food	1	753	754	
2443	3231	Food	1	754	755	
2444	3231	Food	18	755	776	
2445	3231	Food	1	776	777	
2446	3231	Food	1	777	778	
2447	3231	Food	1	778	779	
2448	3231	Food	1	779	780	
2449	3231	Food	1	780	781	
2450	3231	Food	1	781	782	
2451	3231	Food	1	782	783	
2452	3231	Food	1	783	784	
2453	3231	Food	1	784	785	
2454	3231	Food	1	785	786	
2455	3231	Food	1	786	787	
2456	3231	Food	1	787	788	
2457	3231	Food	1	788	789	
2458	3231	Food	1	789	790	
2459	3231	Food	1	790	791	
2460	3231	Food	1	791	792	
2461	3231	Food	1	792	793	
2462	35325	Food	49	0	56	
2463	35325	Food	1	66	67	
2464	35325	Price	13	68	82	
2465	35325	Food	16	83	102	
2466	35325	Interior	5	103	108	
2467	35325	Food	12	109	121	
2468	35325	Food	32	121	159	
2469	35325	Food	18	159	180	
2470	35325	Food	54	180	241	
2471	35325	Price	5	242	247	
2472	35325	Food	30	247	285	
2473	35325	Food	51	285	345	
2474	35325	Food	38	345	391	
2475	35325	Whole	12	392	404	
2476	35325	Food	9	404	416	
2477	35325	Food	20	416	440	
2478	35325	Price	5	441	446	
2479	35325	Food	21	447	472	
2480	35325	Food	19	472	495	
2481	35325	Food	1	495	496	
2482	35325	Food	1	496	497	
2483	35325	Food	1	497	498	
2484	35325	Food	1	498	499	
2485	35325	Food	1	499	500	
2486	15423	Food	40	0	45	
2487	15423	Food	1	45	46	
2488	15423	Price	14	47	63	
2489	15423	Food	22	64	88	
2490	15423	Food	1	88	89	
2491	15423	Price	7	90	97	
2492	15423	Food	26	98	128	
2493	15423	Price	9	129	138	
2494	15423	Food	15	138	156	
2495	15423	Food	55	156	221	
2496	15423	Food	21	221	246	
2497	15423	Food	15	246	263	positive
2498	15423	Food	1	263	264	
2499	15423	Food	1	264	265	
2500	15423	Food	37	265	308	
2501	15423	Whole	5	309	314	
2502	15423	Food	3	314	318	
2503	15423	Whole	15	319	335	
2504	15423	Food	13	336	351	
2505	15423	Food	26	351	382	
2506	15423	Whole	16	383	401	
2507	15423	Food	7	402	410	
2508	15423	Food	62	410	482	
2509	15423	Whole	5	483	488	
2510	15423	Food	23	489	518	
2511	15423	Food	1	518	519	
2512	15423	Food	1	519	520	
2513	15423	Food	19	520	542	
2514	15423	Service	12	543	555	positive
2515	15423	Food	12	556	569	
2516	15423	Food	24	569	598	
2517	15423	Food	52	598	657	
2518	15423	Food	32	657	695	
2519	15423	Food	9	695	706	
2520	15423	Food	14	715	731	
2521	15423	Food	1	731	732	
2522	15423	Food	8	732	741	
2523	15423	Price	3	742	745	
2524	15423	Food	1	745	746	
2525	5974	Food	16	0	17	
2526	5974	Food	31	17	54	
2527	5974	Food	9	54	63	
2528	5974	Food	1	63	64	
2529	5974	Food	11	64	76	
2530	5974	Price	4	88	92	
2531	5974	Food	27	92	124	
2532	5974	Food	26	124	156	
2533	5974	Price	8	156	164	
2534	5974	Food	9	165	175	
2535	5974	Food	25	175	204	
2536	5974	Food	22	204	232	
2537	5974	Whole	5	233	238	
2538	5974	Food	13	239	254	
2539	5974	Food	20	254	278	
2540	5974	Food	1	278	279	
2541	5974	Food	1	279	280	
2542	5974	Food	15	280	297	
2543	5974	Whole	12	298	310	
2544	5974	Food	1	311	312	
2545	5974	Food	27	312	343	
2546	5974	Food	1	343	344	
2547	5974	Food	19	344	367	
2548	5974	Food	25	367	398	
2549	5974	Food	25	398	427	
2550	5974	Food	1	427	428	
2551	5974	Food	19	428	451	
2552	5974	Food	1	451	452	
2553	5974	Whole	15	453	470	
2554	5974	Food	1	470	471	
2555	5974	Whole	2	472	474	
2556	5974	Food	11	475	489	
2557	5974	Food	1	489	490	
2558	5974	Food	1	490	491	
2559	5974	Food	1	491	492	
2560	5974	Food	1	492	493	
2561	5974	Food	1	493	494	
2562	5974	Food	1	494	495	
2563	5974	Food	37	495	538	
2564	5974	Food	42	538	593	
2565	5974	Food	1	593	594	
2566	5974	Food	1	594	595	
2567	5974	Food	17	595	615	
2568	5974	Food	1	615	616	
2569	5974	Food	1	616	617	
2570	5974	Food	34	617	657	
2571	5974	Food	52	657	722	
2572	5974	Food	28	722	754	
2573	5974	Food	10	754	766	
2574	5974	Food	1	766	767	
2575	5974	Food	1	767	768	
2576	5974	Food	38	768	813	
2577	5974	Food	56	813	879	
2578	5974	Food	33	885	922	
2579	5974	Food	1	922	923	
2580	33524	Food	25	0	29	
2581	33524	Food	8	29	38	
2582	33524	Price	4	39	43	
2583	33524	Food	16	44	65	
2584	33524	Price	5	66	71	
2585	33524	Food	40	72	120	
2586	33524	Food	13	120	135	
2587	33524	Whole	18	136	156	
2588	33524	Food	11	157	168	
2589	33524	Food	37	168	214	
2590	33524	Price	9	215	224	
2591	33524	Food	37	225	270	
2592	33524	Whole	6	271	277	
2593	33524	Food	18	277	300	
2594	33524	Food	7	300	309	
2595	33524	Whole	9	318	327	
2596	33524	Food	59	328	397	
2597	33524	Food	21	397	422	
2598	33524	Food	11	422	435	
2599	33524	Food	11	435	448	
2600	33524	Food	49	448	508	
2601	33524	Food	19	508	530	
2602	33524	Food	19	530	553	
2603	33524	Service	6	554	560	
2604	33524	Food	17	561	580	
2605	33524	Interior	9	581	590	
2606	33524	Food	10	591	601	
2607	33524	Food	23	601	630	
2608	33524	Whole	4	631	635	
2609	33524	Food	1	636	637	
2610	33524	Whole	9	638	647	
2611	33524	Food	23	648	674	
2612	33524	Food	28	674	706	
2613	33524	Food	26	706	740	
2614	33524	Service	11	741	753	
2615	33524	Food	26	754	786	
2616	33524	Food	21	786	810	
2617	33524	Food	23	810	836	
2618	33524	Food	1	836	837	
2619	33524	Food	1	837	838	
2620	33524	Food	35	838	879	
2621	33524	Food	31	879	916	
2622	33524	Price	8	917	925	
2623	33524	Food	8	926	934	
2624	33524	Food	10	934	945	
2625	33524	Price	6	946	952	
2626	33524	Food	1	952	953	
2627	33524	Whole	5	954	959	
2628	33524	Price	7	960	967	
2629	33524	Food	1	967	968	
2630	33524	Price	6	969	975	
2631	33524	Food	16	976	993	
2632	33524	Food	18	993	1015	
2633	33524	Food	13	1015	1031	
2634	33524	Food	1	1031	1032	
2635	33524	Food	1	1032	1033	
2636	9837	Food	15	0	17	
2637	9837	Price	8	18	26	
2638	9837	Food	5	26	32	
2639	9837	Price	3	33	36	
2640	9837	Food	7	37	45	
2641	9837	Food	8	45	54	
2642	9837	Food	15	54	72	
2643	9837	Whole	5	81	86	positive
2644	9837	Food	7	86	94	
2645	9837	Food	12	102	115	
2646	9837	Food	8	115	125	
2647	9837	Food	14	131	147	
2648	9837	Food	3	162	165	
2649	9837	Food	1	165	166	
2650	9837	Food	8	166	175	
2651	9837	Food	6	175	182	positive
2652	9837	Food	9	182	192	
2653	9837	Food	14	200	215	
2654	9837	Food	13	226	241	
2655	9837	Food	15	251	268	
2656	9837	Food	26	268	298	
2657	9837	Food	24	303	331	
2658	9837	Food	2	331	334	
2659	9837	Price	6	335	341	
2660	9837	Food	19	342	364	
2661	9837	Food	93	364	470	
2662	9837	Food	15	470	488	
2663	9837	Food	19	488	512	
2664	9837	Food	1	512	513	
2665	9837	Food	16	524	542	
2666	9837	Food	1	542	543	
2667	9216	Food	11	0	13	
2668	9216	Price	8	14	22	
2669	9216	Food	96	23	136	
2670	9216	Price	12	137	149	
2671	9216	Food	17	150	170	
2672	9216	Interior	8	171	179	
2673	9216	Food	133	180	343	
2674	9216	Price	9	344	353	
2675	9216	Food	56	354	424	
2676	9216	Price	4	425	429	
2677	9216	Food	1	430	431	
2678	9216	Service	7	431	438	
2679	9216	Food	1	439	440	
2680	9216	Price	8	441	449	
2681	9216	Food	73	450	539	
2682	9216	Price	8	540	548	
2683	9216	Food	192	549	782	
2684	9216	Food	91	790	896	
2685	9216	Food	181	903	1115	
2686	9216	Food	1	1115	1116	
2687	15567	Food	54	0	63	
2688	15567	Food	112	63	194	
2689	15567	Food	44	194	248	
2690	15567	Food	31	248	286	
2691	15567	Food	9	286	296	
2692	15567	Food	16	296	315	
2693	15567	Food	1	315	316	
2694	15567	Food	1	316	317	
2695	15567	Food	1	317	318	
2696	15567	Food	12	318	332	
2697	15567	Food	8	339	348	
2698	15567	Food	1	348	349	
2699	15567	Food	24	349	377	
2700	15567	Food	16	385	403	
2701	15567	Whole	5	404	409	
2702	15567	Food	1	410	411	
2703	15567	Whole	62	412	483	
2704	15567	Food	2	483	486	
2705	15567	Whole	4	487	491	
2706	15567	Food	3	491	494	
2707	15567	Food	16	494	512	
2708	15567	Food	33	512	554	
2709	15567	Food	44	554	606	
2710	15567	Food	1	606	607	
2711	15567	Food	55	607	669	
2712	15567	Food	83	669	765	
2713	15567	Food	48	765	825	
2714	15567	Food	28	825	858	
2715	15567	Food	1	858	859	
2716	15567	Food	22	859	886	
2717	15567	Food	18	886	905	
2718	15567	Food	1	905	906	
2719	15567	Whole	8	907	915	
2720	15567	Food	1	915	916	
2721	15567	Whole	5	917	922	
2722	15567	Food	3	922	926	
2723	15567	Whole	11	927	938	
2724	15567	Food	12	939	952	
2725	15567	Food	60	952	1022	
2726	15567	Food	6	1022	1030	
2727	15567	Whole	3	1031	1034	
2728	15567	Food	4	1035	1039	
2729	15567	Whole	5	1040	1045	
2730	15567	Food	37	1046	1091	
2731	15567	Food	23	1091	1118	
2732	15567	Food	13	1118	1135	
2733	15567	Food	20	1135	1158	
2734	15567	Food	35	1158	1200	
2735	15567	Food	1	1200	1201	
2736	15567	Food	1	1201	1202	
2737	15567	Food	1	1202	1203	
2738	15567	Food	1	1203	1204	
2739	15567	Food	1	1204	1205	
2740	15567	Food	1	1205	1206	
2741	15567	Food	51	1206	1263	
2742	15567	Food	1	1263	1264	
2743	7011	Food	13	0	15	
2744	7011	Interior	9	16	25	
2745	7011	Food	30	26	62	
2746	7011	Food	28	62	96	
2747	7011	Food	29	96	130	
2748	7011	Food	10	130	141	
2749	7011	Food	36	141	183	
2750	7011	Food	30	183	221	
2751	7011	Whole	3	222	225	
2752	7011	Food	41	225	273	
2753	7011	Food	10	273	284	
2754	7011	Food	1	284	285	
2755	7011	Food	77	285	375	
2756	7011	Food	37	375	419	
2757	7011	Food	11	419	433	
2758	7011	Food	3	433	436	
2759	7011	Food	21	436	460	
2760	7011	Food	27	460	493	
2761	7011	Whole	21	494	518	
2762	7011	Food	1	518	519	
2763	7011	Whole	9	520	529	
2764	7011	Food	1	529	530	
2765	7011	Whole	16	531	549	
2766	7011	Food	7	549	557	
2767	7011	Food	7	557	565	
2768	7011	Food	7	565	573	
2769	7011	Whole	7	574	581	
2770	7011	Food	1	581	582	
2771	7011	Whole	9	583	594	
2772	7011	Food	5	595	600	
2773	7011	Food	30	600	635	
2774	7011	Whole	2	636	638	
2775	7011	Food	9	639	649	
2776	7011	Food	9	649	659	
2777	7011	Whole	12	660	673	
2778	7011	Food	10	673	686	
2779	7011	Whole	10	687	698	
2780	7011	Food	18	699	720	
2781	7011	Food	1	720	721	
2782	7011	Food	10	721	733	
2783	7011	Food	4	733	738	
2784	7011	Service	5	739	744	
2785	7011	Food	15	745	762	
2786	7011	Food	22	762	788	
2787	7011	Food	27	788	820	
2788	7011	Whole	5	821	826	
2789	7011	Food	39	827	874	
2790	7011	Interior	10	875	885	
2791	7011	Food	22	885	911	
2792	7011	Food	27	911	947	
2793	7011	Price	5	948	953	
2794	7011	Food	17	954	973	
2795	7011	Food	2	973	976	
2796	7011	Whole	4	977	981	
2797	7011	Food	10	981	995	
2798	7011	Food	5	995	1000	
2799	7011	Food	18	1000	1021	
2800	7011	Food	17	1021	1040	
2801	7011	Food	2	1040	1043	
2802	7011	Whole	12	1044	1056	
2803	7011	Food	2	1056	1059	
2804	7011	Whole	10	1060	1070	
2805	7011	Food	4	1071	1075	
2806	7011	Food	17	1075	1098	
2807	7011	Food	62	1098	1170	
2808	7011	Food	55	1170	1237	
2809	7011	Food	1	1237	1238	
2810	7011	Food	1	1238	1239	
2811	2606	Food	6	0	6	
2812	2606	Price	6	7	13	
2813	2606	Food	2	14	16	
2814	2606	Price	15	17	33	
2815	2606	Food	14	34	49	
2816	2606	Food	6	49	56	
2817	2606	Price	6	57	63	
2818	2606	Food	17	64	83	
2819	2606	Food	3	83	86	
2820	2606	Food	15	86	102	
2821	2606	Food	1	102	103	
2822	2606	Whole	8	104	112	
2823	2606	Food	32	113	149	
2824	2606	Food	1	149	150	
2825	2606	Food	14	157	172	
2826	2606	Food	23	172	199	
2827	2606	Food	11	199	211	positive
2828	2606	Service	4	221	225	
2829	2606	Food	7	226	234	
2830	2606	Food	27	234	266	
2831	2606	Service	5	267	272	
2832	2606	Food	12	272	287	
2833	2606	Whole	4	297	301	
2834	2606	Food	17	301	322	
2835	2606	Food	60	322	392	
2836	2606	Food	16	392	411	
2837	2606	Food	22	411	436	
2838	2606	Food	11	436	449	
2839	2606	Food	5	462	467	positive
2840	2606	Food	27	467	498	
2841	2606	Food	27	498	532	
2842	2606	Food	37	532	576	
2843	2606	Food	28	576	608	
2844	2606	Food	19	608	629	
2845	2606	Food	20	629	653	
2846	2606	Food	10	658	670	
2847	2606	Food	7	670	679	
2848	2606	Food	3	679	682	
2849	2606	Food	8	682	692	positive
2850	2606	Food	16	692	711	
2851	2606	Food	16	711	730	
2852	2606	Food	3	730	733	
2853	2606	Food	6	733	739	
2854	2606	Food	21	739	762	
2855	2606	Food	3	762	765	
2856	2606	Food	41	765	816	
2857	37391	Food	56	0	67	
2858	37391	Food	18	67	89	
2859	37391	Whole	5	90	95	
2860	37391	Food	1	96	97	
2861	37391	Price	9	98	107	
2862	37391	Interior	4	108	112	
2863	37391	Food	26	113	143	
2864	37391	Food	10	143	155	
2865	37391	Price	7	156	163	
2866	37391	Food	10	164	175	
2867	37391	Food	1	175	176	
2868	37391	Whole	6	177	183	
2869	37391	Food	1	184	185	
2870	37391	Whole	7	186	193	
2871	37391	Service	4	194	198	
2872	37391	Food	1	199	200	
2873	37391	Service	12	201	215	
2874	37391	Food	9	216	225	
2875	37391	Food	10	233	243	
2876	37391	Service	7	244	251	
2877	37391	Food	35	252	294	
2878	37391	Interior	14	295	310	
2879	37391	Food	77	310	398	
2880	37391	Food	47	398	452	
2881	37391	Price	11	453	464	
2882	37391	Service	6	465	471	
2883	37391	Food	10	472	482	
2884	37391	Food	5	482	488	
2885	37391	Whole	12	489	501	
2886	37391	Food	6	502	509	
2887	37391	Food	12	509	523	
2888	37391	Service	7	524	531	
2889	37391	Food	5	532	537	negative
2890	37391	Food	31	537	575	
2891	37391	Food	9	575	585	
2892	37391	Food	14	585	601	
2893	37391	Whole	9	602	611	
2894	37391	Food	31	612	646	
2895	37391	Price	8	647	655	
2896	37391	Food	1	655	656	
2897	14539	Food	8	0	9	
2898	14539	Service	6	10	16	
2899	14539	Food	55	17	81	
2900	14539	Price	9	82	92	
2901	14539	Food	1	92	93	
2902	14539	Price	5	94	99	
2903	14539	Food	7	100	108	
2904	14539	Food	1	108	109	
2905	14539	Whole	9	110	119	
2906	14539	Food	1	120	121	
2907	14539	Food	6	121	127	
2908	14539	Food	38	127	172	
2909	14539	Whole	12	173	186	
2910	14539	Food	32	187	223	
2911	14539	Food	1	223	224	
2912	14539	Whole	7	225	232	
2913	14539	Food	15	233	250	
2914	14539	Whole	1	251	252	
2915	14539	Food	23	253	277	
2916	14539	Whole	8	278	287	
2917	14539	Food	27	288	321	
2918	14539	Food	6	321	327	
2919	14539	Food	22	327	353	
2920	14539	Whole	11	354	366	
2921	14539	Food	9	367	376	
2922	14539	Whole	8	377	385	positive
2923	14539	Food	1	386	387	
2924	14539	Food	12	387	399	
2925	14539	Food	46	399	454	
2926	14539	Service	10	455	467	
2927	14539	Food	13	468	481	
2928	14539	Whole	8	482	490	
2929	14539	Food	70	491	573	
2930	14539	Food	13	573	590	
2931	14539	Food	4	590	595	
2932	14539	Service	6	596	602	
2933	14539	Food	10	603	613	
2934	14539	Whole	10	614	624	
2935	14539	Food	21	625	651	
2936	14539	Food	32	651	689	
2937	14539	Whole	3	690	693	
2938	14539	Food	110	694	827	
2939	14539	Food	31	827	868	
2940	14539	Food	59	868	941	
2941	14539	Whole	7	942	949	
2942	14539	Food	1	950	951	
2943	14539	Whole	7	952	959	
2944	14539	Food	14	960	975	
2945	14539	Food	99	975	1089	
2946	14539	Food	8	1092	1100	
2947	14539	Whole	12	1101	1114	
2948	14539	Food	54	1115	1179	
2949	14539	Food	1	1179	1180	
2950	38299	Food	34	0	39	
2951	38299	Food	75	39	130	
2952	38299	Food	54	130	194	
2953	38299	Food	14	194	210	
2954	38299	Whole	10	211	221	
2955	38299	Food	13	221	235	
2956	38299	Whole	12	236	248	
2957	38299	Food	1	248	249	
2958	38299	Price	7	250	257	
2959	38299	Food	9	258	267	
2960	38299	Food	1	267	268	
2961	38299	Whole	3	269	272	
2962	38299	Food	4	273	277	
2963	38299	Food	3	277	281	
2964	38299	Whole	7	282	289	
2965	38299	Food	33	290	327	
2966	38299	Food	10	327	339	
2967	38299	Food	34	339	377	
2968	38299	Food	12	377	391	
2969	38299	Whole	5	392	397	
2970	38299	Food	17	398	416	
2971	38299	Food	7	416	424	
2972	38299	Whole	26	425	454	
2973	38299	Food	1	455	456	
2974	38299	Whole	15	457	473	
2975	38299	Food	7	474	482	
2976	38299	Whole	7	483	490	
2977	38299	Food	23	490	517	
2978	38299	Food	30	517	552	
2979	38299	Food	15	552	570	
2980	38299	Whole	7	571	578	
2981	38299	Food	5	579	584	
2982	38299	Food	26	584	613	
2983	38299	Food	15	613	632	
2984	38299	Whole	6	633	640	
2985	38299	Food	8	641	650	
2986	38299	Food	11	650	661	
2987	38299	Whole	8	662	670	
2988	38299	Food	23	670	698	
2989	38299	Food	4	698	703	
2990	38299	Whole	14	704	719	
2991	38299	Food	25	720	748	
2992	38299	Whole	6	749	756	
2993	38299	Food	20	757	780	
2994	38299	Food	3	780	784	
2995	38299	Whole	8	785	793	
2996	38299	Food	16	794	811	
2997	38299	Whole	8	812	820	
2998	38299	Food	43	821	869	
2999	38299	Food	26	869	898	
3000	38299	Whole	17	899	918	
3001	38299	Food	9	919	928	positive
3002	38299	Food	22	928	954	
3003	38299	Food	15	954	971	
3004	38299	Whole	1	972	973	
3005	38299	Food	6	974	980	
3006	38299	Whole	20	981	1004	
3007	38299	Food	10	1005	1015	
3008	38299	Whole	25	1016	1045	
3009	38299	Food	3	1046	1049	positive
3010	38299	Food	1	1049	1050	
3011	38299	Whole	11	1051	1063	
3012	38299	Food	6	1064	1070	
3013	38299	Whole	4	1071	1076	
3014	38299	Food	14	1077	1093	
3015	38299	Food	8	1093	1102	
3016	38299	Food	1	1102	1103	
3017	12131	Food	14	0	18	
3018	12131	Food	7	18	27	
3019	12131	Food	25	27	57	
3020	12131	Food	1	57	58	
3021	12131	Food	1	58	59	
3022	12131	Food	1	59	60	
3023	12131	Price	8	61	69	
3024	12131	Food	9	69	79	
3025	12131	Food	16	79	99	
3026	12131	Food	1	99	100	
3027	12131	Food	1	100	101	
3028	12131	Food	54	101	164	
3029	12131	Food	1	164	165	
3030	12131	Food	1	165	166	
3031	12131	Food	49	166	222	
3032	12131	Food	57	222	290	
3033	12131	Food	33	290	330	
3034	12131	Whole	4	331	335	
3035	12131	Food	14	336	352	
3036	12131	Food	7	352	360	
3037	12131	Food	13	360	375	
3038	12131	Food	1	375	376	
3039	12131	Food	1	376	377	
3040	12131	Food	27	377	408	
3041	12131	Food	33	408	445	
3042	12131	Service	2	446	448	
3043	12131	Food	37	449	492	
3044	12131	Food	53	492	553	
3045	12131	Food	1	553	554	
3046	12131	Food	1	554	555	
3047	12131	Food	3	555	559	positive
3048	12131	Service	7	560	567	negative
3049	12131	Food	16	568	589	
3050	12131	Food	17	589	610	
3051	12131	Food	1	610	611	
3052	12131	Food	7	611	619	
3053	12131	Food	69	619	699	
3054	12131	Food	22	699	725	
3055	12131	Food	14	725	741	
3056	12131	Food	18	741	761	
3057	12131	Food	33	761	801	
3058	12131	Food	1	801	802	
3059	12131	Food	18	802	822	
3060	12131	Food	8	822	831	
3061	12131	Service	6	832	838	
3062	12131	Food	29	838	874	
3063	12131	Food	35	874	914	
3064	12131	Food	1	914	915	
3065	12131	Food	43	915	966	
3066	12131	Food	19	966	987	
3067	12131	Food	12	987	1001	
3068	12131	Food	14	1001	1017	
3069	12131	Food	40	1017	1062	
3070	12131	Food	1	1062	1063	
3071	12131	Food	1	1063	1064	
3072	12131	Food	1	1064	1065	
3073	12131	Food	8	1065	1074	
3074	12131	Food	1	1074	1075	
3075	7193	Food	16	0	18	
3076	7193	Price	5	19	24	
3077	7193	Food	23	24	52	
3078	7193	Food	31	52	88	
3079	7193	Food	6	88	95	
3080	7193	Food	14	95	112	
3081	7193	Food	21	112	137	
3082	7193	Food	26	137	167	
3083	7193	Food	48	167	222	
3084	7193	Food	54	222	286	
3085	7193	Food	10	286	298	
3086	7193	Food	17	298	319	
3087	7193	Food	32	319	359	
3088	7193	Food	15	359	377	
3089	7193	Interior	5	378	383	
3090	7193	Food	17	383	403	
3091	7193	Food	35	403	446	
3092	7193	Food	1	446	447	
3093	36126	Food	27	0	32	
3094	36126	Food	81	32	127	
3095	36126	Food	14	127	142	
3096	36126	Food	1	142	143	
3097	36126	Food	22	143	170	
3098	36126	Food	1	170	171	
3099	36126	Price	9	172	181	
3100	36126	Food	19	182	205	
3101	36126	Price	14	206	221	
3102	36126	Service	9	222	231	
3103	36126	Food	58	232	302	
3104	36126	Food	44	302	353	
3105	36126	Food	2	353	356	
3106	36126	Price	9	357	366	
3107	36126	Food	1	366	367	
3108	36126	Food	29	367	400	
3109	36126	Price	5	401	406	
3110	36126	Food	2	406	409	
3111	36126	Whole	5	410	415	
3112	36126	Food	2	415	418	
3113	36126	Service	7	419	426	
3114	36126	Price	3	427	430	
3115	36126	Food	19	431	453	
3116	36126	Price	21	454	477	
3117	36126	Service	13	478	491	positive
3118	36126	Food	37	491	533	
3119	36126	Food	7	533	543	
3120	36126	Price	13	544	558	
3121	36126	Food	1	558	559	
3122	36126	Price	6	560	566	
3123	36126	Food	35	567	605	
3124	36126	Food	1	605	606	
3125	36126	Food	9	606	615	
3126	36126	Food	1	615	616	
3127	36126	Food	27	616	647	
3128	36126	Food	1	647	648	
3129	36126	Food	23	648	674	
3130	36126	Food	1	674	675	
3131	36126	Food	39	675	722	
3132	36126	Whole	10	723	733	positive
3133	36126	Food	3	733	737	
3134	36126	Food	38	751	796	
3135	36126	Food	43	796	847	
3136	36126	Service	8	848	856	
3137	36126	Food	12	857	870	
3138	36126	Food	1	870	871	
3139	7154	Food	30	0	34	
3140	7154	Price	4	35	39	
3141	7154	Food	11	40	52	
3142	7154	Price	14	53	69	
3143	7154	Food	45	70	120	
3144	7154	Food	1	120	121	
3145	7154	Food	21	121	144	
3146	7154	Food	1	144	145	
3147	7154	Food	20	145	168	
3148	7154	Whole	5	169	174	
3149	7154	Food	17	175	196	
3150	7154	Food	1	196	197	
3151	7154	Food	32	197	232	
3152	7154	Whole	12	233	246	
3153	7154	Food	16	247	266	
3154	7154	Food	1	266	267	
3155	7154	Food	30	267	300	
3156	7154	Food	1	300	301	
3157	7154	Food	35	301	340	
3158	7154	Whole	10	341	352	
3159	7154	Interior	2	353	355	
3160	7154	Food	10	356	366	
3161	7154	Food	1	366	367	
3162	7154	Food	21	367	392	
3163	7154	Service	5	393	398	
3164	7154	Food	7	399	406	
3165	7154	Food	1	406	407	
3166	10798	Food	57	0	67	
3167	10798	Service	5	68	73	
3168	10798	Food	43	73	123	
3169	10798	Service	13	124	138	positive
3170	10798	Food	6	139	146	
3171	10798	Food	24	146	173	
3172	10798	Food	10	173	185	
3173	10798	Food	36	185	228	
3174	10798	Food	14	228	244	
3175	10798	Food	13	244	258	
3176	10798	Whole	4	259	263	
3177	10798	Food	1	263	264	
3178	10798	Whole	6	265	271	
3179	10798	Food	24	271	299	
3180	10798	Whole	13	300	314	
3181	10798	Food	44	315	366	
3182	10798	Food	1	366	367	
3183	10798	Whole	5	380	385	
3184	10798	Food	11	386	398	
3185	10798	Food	1	398	399	
3186	10798	Food	37	399	442	
3187	10798	Whole	4	443	447	
3188	10798	Food	29	448	479	
3189	10798	Whole	7	480	487	
3190	10798	Food	25	487	516	
3191	10798	Food	106	516	649	
3192	10798	Food	8	649	658	
3193	10798	Food	1	658	659	
3194	28258	Food	40	0	47	
3195	28258	Food	8	47	57	
3196	28258	Whole	6	58	64	
3197	28258	Food	3	65	68	
3198	28258	Price	8	69	77	
3199	28258	Food	9	78	87	
3200	28258	Food	1	87	88	
3201	28258	Interior	5	89	94	
3202	28258	Food	57	95	160	
3203	28258	Interior	8	161	169	positive
3204	28258	Food	20	170	192	
3205	28258	Food	37	192	238	
3206	28258	Food	81	238	332	
3207	28258	Food	46	337	391	
3208	28258	Whole	5	392	397	
3209	28258	Food	54	397	459	
3210	28258	Price	9	460	469	
3211	28258	Food	19	470	492	
3212	28258	Food	17	492	513	
3213	28258	Food	3	513	516	
3214	28258	Food	9	516	525	
3215	28258	Food	1	525	526	
3216	28258	Whole	4	527	531	
3217	28258	Food	1	531	532	
3218	28258	Whole	3	533	536	
3219	28258	Food	1	536	537	
3220	28258	Whole	5	538	543	
3221	28258	Food	25	544	573	
3222	28258	Food	17	573	592	
3223	28258	Food	5	592	599	
3224	28258	Whole	20	600	624	
3225	28258	Food	1	625	626	
3226	28258	Food	13	626	641	
3227	28258	Food	19	641	667	
3228	28258	Food	1	667	668	
3229	28258	Food	14	668	685	
3230	28258	Food	8	685	695	
3231	28258	Whole	4	696	700	
3232	28258	Food	28	701	732	
3233	28258	Food	1	732	733	
3234	28258	Whole	10	734	745	
3235	28258	Food	29	746	780	
3236	28258	Food	1	780	781	
3237	28258	Food	1	781	782	
3238	28258	Food	4	782	787	
3239	28258	Whole	8	788	798	
3240	28258	Food	19	799	821	
3241	28258	Whole	4	822	826	
3242	28258	Food	8	827	837	
3243	28258	Food	1	837	838	
3244	28258	Food	61	838	909	
3245	28258	Food	3	909	912	
3246	28258	Food	21	912	936	
3247	28258	Food	47	936	992	
3248	28258	Service	9	993	1002	positive
3249	28258	Food	15	1003	1020	
3250	28258	Food	1	1020	1021	
3251	33043	Food	20	0	23	
3252	33043	Food	1	23	24	
3253	33043	Food	1	24	25	
3254	33043	Food	1	25	26	
3255	33043	Food	1	26	27	
3256	33043	Food	1	27	28	
3257	33043	Food	1	28	29	
3258	33043	Food	1	29	30	
3259	33043	Food	1	30	31	
3260	33043	Food	1	31	32	
3261	33043	Whole	8	33	41	
3262	33043	Food	6	42	48	
3263	33043	Food	12	48	61	
3264	33043	Food	1	61	62	
3265	33043	Whole	6	63	69	
3266	33043	Food	13	70	83	
3267	33043	Food	1	83	84	
3268	33043	Whole	7	85	92	
3269	33043	Food	8	93	101	
3270	33043	Food	1	101	102	
3271	33043	Whole	3	103	106	
3272	33043	Food	11	107	118	
3273	33043	Food	39	118	163	
3274	33043	Food	10	163	174	
3275	33043	Whole	16	175	193	
3276	33043	Food	1	194	195	
3277	33043	Whole	6	196	202	
3278	33043	Food	12	203	216	
3279	33043	Whole	6	217	223	
3280	33043	Food	1	224	225	
3281	33043	Whole	5	226	231	
3282	33043	Food	7	232	239	
3283	33043	Food	8	239	248	
3284	33043	Whole	25	249	278	
3285	33043	Food	1	278	279	
3286	33043	Whole	12	280	294	
3287	33043	Food	1	294	295	
3288	33043	Whole	7	296	304	
3289	33043	Food	8	305	313	
3290	33043	Food	3	313	316	
3291	33043	Food	12	316	330	
3292	33043	Food	1	330	331	
3293	33043	Whole	16	332	350	
3294	33043	Food	7	350	358	
3295	33043	Whole	7	359	366	
3296	33043	Food	1	367	368	
3297	33043	Whole	6	369	375	
3298	33043	Food	10	376	386	
3299	33043	Whole	5	387	392	
3300	33043	Food	12	393	407	
3301	33043	Food	36	407	449	
3302	33043	Whole	9	450	459	
3303	33043	Food	15	459	476	
3304	33043	Food	10	476	487	
3305	33043	Food	28	487	520	
3306	33043	Food	1	520	521	
3307	33043	Whole	14	522	538	
3308	33043	Food	18	539	559	
3309	33043	Food	1	559	560	
3310	33043	Whole	7	561	568	
3311	33043	Food	6	569	575	
3312	33043	Whole	8	576	584	
3313	33043	Food	7	585	592	
3314	33043	Food	4	592	597	
3315	33043	Whole	5	598	603	
3316	33043	Food	24	603	631	
3317	33043	Whole	6	632	638	
3318	33043	Food	18	639	658	
3319	33043	Food	44	658	712	
3320	33043	Food	7	712	720	
3321	33043	Whole	12	721	734	
3322	33043	Food	5	734	740	
3323	33043	Food	32	740	780	
3324	33043	Food	9	780	790	
3325	33043	Food	35	790	831	
3326	33043	Food	14	831	847	
3327	33043	Food	18	847	868	
3328	33043	Price	9	869	878	
3329	33043	Food	21	878	902	
3330	33043	Food	19	902	924	
3331	33043	Food	1	924	925	
3332	33043	Food	1	925	926	
3333	33043	Food	27	926	957	
3334	33043	Food	7	957	965	
3335	33043	Whole	5	966	971	
3336	33043	Food	1	972	973	
3337	33043	Whole	4	974	978	
3338	33043	Food	15	979	996	
3339	33043	Food	14	996	1012	
3340	33043	Food	3	1012	1016	
3341	33043	Service	7	1017	1024	negative
3342	33043	Food	10	1025	1036	
3343	33043	Whole	7	1037	1044	
3344	33043	Food	25	1044	1074	
3345	33043	Food	39	1074	1120	
3346	33043	Food	29	1120	1154	
3347	33043	Food	22	1154	1182	
3348	33043	Whole	4	1183	1187	
3349	33043	Food	20	1188	1213	
3350	33043	Food	26	1213	1243	
3351	33043	Food	20	1243	1267	
3352	33043	Food	1	1267	1268	
3353	33043	Food	1	1268	1269	
3354	33043	Food	1	1269	1270	
3355	33043	Food	18	1270	1292	
3356	33043	Food	25	1292	1323	
3357	33043	Food	1	1323	1324	
3358	33043	Food	1	1324	1325	
3359	33043	Food	1	1325	1326	
